Portwine de Martini,1,15,14,14,13,849.0,1.5,58,,,15,изабелла,2007,3
Average de Mondoro,2,23,50,50,13,781.5,1.5,64,,,19,карменер,2004,1
Sake de Asahi,3,39,100,100,42,293.0,0.5,13,,,,,,
Liht beer de Polonaise,4,41,121,121,5,64.02,0.33,71,2,1,,,,
Vermouth de Fragolino,1,14,7,7,13,1588.5,0.75,73,,,10,бьянка,2003,1
Lambrusko de Chateau Tamagne,2,25,36,36,18,3466.5,1.5,46,,,25,бастардо,2010,1
Rum de Havana Club,3,31,78,78,42,1914,1,46,,,,,,
Whiskey de Jim Beam,3,32,94,94,40,3270,1,30,,,,,,
Portwine de Ricasoli,1,15,22,22,13,1938.0,1.5,89,,,25,мускат,2005,4
Cognac de Courvoisier,3,33,75,75,43,1824.9,0.7,71,,,,,,
Vermouth de Falesco,1,14,21,21,12,621.75,0.75,72,,,21,алиготе,2021,2
Absinthe de Tunel,3,38,80,80,43,898.5,0.25,70,,,,,,
White wine de Kvint,1,12,4,4,16,618.42,0.33,91,,,20,изабелла,2000,2
Red wine de Chateau Folonari,1,11,2,2,16,1510.5,0.75,52,,,12,бьянка,1998,4
Dark beer de Corona Extra,4,42,112,112,6,89.1,0.33,66,1,2,,,,
Tequila de Sierra,3,36,79,79,42,2077.6,0.7,29,,,,,,
Dark beer de Grimbergen,4,42,109,109,6,114.0,0.5,85,1,2,,,,
Whiskey de Jack Daniel's,3,32,64,64,43,1733.2,0.7,74,,,,,,
Portwine de Bagrationi,1,15,12,12,18,2040.0,1.5,53,,,16,шардоне,1996,4
Liht beer de Сибирская Корона,4,41,128,128,5,129.0,0.5,21,1,2,,,,
Liht beer de Budweiser,4,41,131,131,8,64.68,0.33,10,1,1,,,,
White wine de Gancia,1,12,18,18,13,2334.0,1.5,62,,,13,рислинг,2005,4
Absinthe de Xenta,3,38,91,91,44,626.0,0.25,45,,,,,,
Whiskey de Jim Beam,3,32,94,94,45,491,1,8,,,,,,
Average de Henriot,2,23,51,51,13,1857.0,1.5,33,,,6,каберне,1992,4
Cognac de Braastad,3,33,65,65,43,2494.8,0.7,18,,,,,,
Champagne de Canti,2,21,39,39,12,170.28,0.33,43,,,19,карменер,2013,4
Asti de Taittinger,2,24,44,44,17,276.0,0.75,84,,,18,бастардо,2015,2
Vodka de Blagoff,3,35,92,92,45,1037.4,0.7,35,,,,,,
Champagne de Delamotte,2,21,48,48,13,290.73,0.33,28,,,14,бьянка,2002,1
Dark beer de Franziskaner,4,42,107,107,8,118.8,0.45,79,1,1,,,,
Red wine de Fragolino,1,11,7,7,14,274.23,0.33,29,,,3,алиготе,2019,1
Average de Louis Roederer,2,23,37,37,16,511.5,0.33,2,,,23,карменер,2013,1
Tequila de Sierra,3,36,79,79,43,1607.5,0.5,34,,,,,,
Beer drink de ESSA,4,44,126,126,4,77.88,0.33,44,2,1,,,,
Portwine de Orovela,1,15,1,1,18,1822.5,0.75,79,,,27,шардоне,1990,2
Liquor de Cointreau,3,34,58,58,40,423.5,0.25,55,,,,,,
Rum de Havana Club,3,31,78,78,41,790.75,0.25,27,,,,,,
Rum de Malibu,3,31,70,70,40,2461.2,0.7,68,,,,,,
Sake de Asahi,3,39,100,100,40,954.1,0.7,12,,,,,,
Liht beer de Жигулевское,4,41,111,111,8,90.0,0.5,62,1,1,,,,
Sparkling wine de Louis Roederer,2,22,37,37,16,1075.5,0.75,84,,,22,бастардо,1998,2
Liquor de Patron,3,34,82,82,41,1883.5,0.5,48,,,,,,
Vodka de Smirnoff,3,35,68,68,44,568.0,0.5,56,,,,,,
Portwine de Абрау-Дюрсо,1,15,32,32,16,534.75,0.75,45,,,5,алиготе,1992,2
Red wine de Pinot Grigio,1,11,29,29,18,2637.0,1.5,52,,,25,алиготе,1984,3
Absinthe de Hill's,3,38,83,83,44,2752.4,0.7,79,,,,,,
White wine de Ricasoli,1,12,22,22,12,539.25,0.75,13,,,13,изабелла,2007,4
Absinthe de Xenta,3,38,91,91,41,3924,1,53,,,,,,
Beer drink de Polonaise,4,44,121,121,6,69.96,0.33,78,2,1,,,,
Vodka de Зеленая Марка,3,35,102,102,40,1897.5,0.5,48,,,,,,
Dark beer de Efes,4,42,114,114,7,367.5,1.5,86,1,1,,,,
Gin de Bombay,3,37,99,99,42,308.25,0.25,27,,,,,,
Cognac de Hennessy,3,33,56,56,40,2095.8,0.7,44,,,,,,
Cognac de Courvoisier,3,33,75,75,43,2688.0,0.7,8,,,,,,
Lambrusko de Ruinart,2,25,40,40,12,446.16,0.33,91,,,4,мерло,2005,3
Absinthe de Hill's,3,38,83,83,43,540.4,0.7,81,,,,,,
Average de Балаклава,2,23,47,47,12,822.75,0.75,7,,,8,мерло,2002,4
Cider de Старый Мельник,4,43,113,113,4,93.39,0.33,57,1,2,,,,
Cognac de Camus,3,33,98,98,42,1784.0,0.5,46,,,,,,
Sparkling wine de Henriot,2,22,51,51,12,408.0,0.75,66,,,10,мерло,2000,1
Whiskey de Evan Williams,3,32,69,69,43,899,1,31,,,,,,
Sake de Asahi,3,39,100,100,41,2535,1,6,,,,,,
Dark beer de Harbin,4,42,129,129,5,86.46,0.33,15,2,1,,,,
Sake de Asahi,3,39,100,100,41,444.5,0.7,82,,,,,,
Sparkling wine de Балаклава,2,22,47,47,15,322.5,1.5,56,,,9,шардоне,1996,1
Lambrusko de Ruinart,2,25,40,40,16,2482.5,1.5,73,,,12,бастардо,2019,1
Vermouth de Абрау-Дюрсо,1,14,32,32,16,147.51,0.33,62,,,25,рислинг,1990,4
White wine de Ruffino,1,12,25,25,17,725.34,0.33,68,,,10,алиготе,1982,4
Sparkling wine de Henriot,2,22,51,51,12,972.0,0.75,79,,,25,бьянка,2001,3
Liht beer de Polonaise,4,41,121,121,5,104.85,0.45,85,2,2,,,,
Lambrusko de Chateau Tamagne,2,25,36,36,13,475.2,0.33,62,,,9,бьянка,2009,2
Cognac de Коктебель,3,33,86,86,44,712.25,0.25,97,,,,,,
Asti de Delamotte,2,24,48,48,16,1045.5,0.75,8,,,7,каберне,1998,1
White wine de Kindzmarauli,1,12,6,6,18,776.82,0.33,47,,,14,мерло,2012,2
Absinthe de Tunel,3,38,80,80,41,2372,1,9,,,,,,
Whiskey de Jim Beam,3,32,94,94,42,1240.4,0.7,90,,,,,,
Vermouth de Kindzmarauli,1,14,6,6,12,2833.5,1.5,25,,,24,бьянка,1989,2
Champagne de Delamotte,2,21,48,48,16,159.06,0.33,22,,,12,рислинг,1988,1
Rum de Havana Club,3,31,78,78,41,491,1,5,,,,,,
Vodka de Belvedere,3,35,59,59,43,796.0,0.5,99,,,,,,
White wine de Kindzmarauli,1,12,6,6,17,747.12,0.33,77,,,23,бастардо,1980,3
Sparkling wine de Dom Perignon,2,22,35,35,13,724.68,0.33,12,,,7,мускат,2001,2
White wine de Lion Gri,1,12,16,16,15,1435.5,1.5,14,,,15,совиньон блан,2004,3
Tequila de 1800 Tequila,3,36,87,87,42,3690,1,47,,,,,,
Cognac de Арарат,3,33,67,67,43,1253.5,0.5,71,,,,,,
Whiskey de Citadelle,3,32,96,96,45,1224.5,0.5,53,,,,,,
Champagne de Deutz,2,21,38,38,14,1018.5,0.75,73,,,25,рислинг,2018,3
Tequila de Sauza,3,36,93,93,42,298.2,0.7,12,,,,,,
Red wine de Pinot Grigio,1,11,29,29,17,155.1,0.33,50,,,11,каберне,2018,4
Cider de Franziskaner,4,43,107,107,7,213.0,1.5,96,2,1,,,,
Rose wine de Chateau Peyfaures,1,13,9,9,12,538.5,1.5,62,,,22,мерло,2014,1
Sparkling wine de Chateau Tamagne,2,22,36,36,16,1761.75,0.75,59,,,14,изабелла,2018,3
Portwine de Purcari,1,15,8,8,18,773.85,0.33,89,,,8,каберне,1983,4
Liht beer de Hoegaarden,4,41,116,116,7,93.0,0.5,20,2,2,,,,
Asti de Chateau Tamagne,2,24,36,36,14,3160.5,1.5,29,,,21,алиготе,2021,3
Vermouth de Chateau Peyfaures,1,14,9,9,12,1262.25,0.75,96,,,18,совиньон блан,1985,2
White wine de Gancia,1,12,18,18,14,712.8,0.33,91,,,18,изабелла,1996,4
Tequila de Sierra,3,36,79,79,42,670.75,0.25,73,,,,,,
Cider de Amstel,4,43,118,118,6,62.5,0.5,50,2,1,,,,