Portwine de Martini,1,15,14,14,13,849.0,1.5,58,,,15,изабелла,2007,3
Average de Mondoro,2,23,50,50,13,781.5,1.5,64,,,19,карменер,2004,1
Sake de Asahi,3,39,100,100,42,293.0,0.5,13,,,,,,
Liht beer de Polonaise,4,41,121,121,5,64.02,0.33,71,2,1,,,,
Vermouth de Fragolino,1,14,7,7,13,1588.5,0.75,73,,,10,бьянка,2003,1
Lambrusko de Chateau Tamagne,2,25,36,36,18,3466.5,1.5,46,,,25,бастардо,2010,1
Rum de Havana Club,3,31,78,78,42,1914,1,46,,,,,,
Whiskey de Jim Beam,3,32,94,94,40,3270,1,30,,,,,,
Portwine de Ricasoli,1,15,22,22,13,1938.0,1.5,89,,,25,мускат,2005,4
Cognac de Courvoisier,3,33,75,75,43,1824.9,0.7,71,,,,,,
Vermouth de Falesco,1,14,21,21,12,621.75,0.75,72,,,21,алиготе,2021,2
Absinthe de Tunel,3,38,80,80,43,898.5,0.25,70,,,,,,
White wine de Kvint,1,12,4,4,16,618.42,0.33,91,,,20,изабелла,2000,2
Red wine de Chateau Folonari,1,11,2,2,16,1510.5,0.75,52,,,12,бьянка,1998,4
Dark beer de Corona Extra,4,42,112,112,6,89.1,0.33,66,1,2,,,,
Tequila de Sierra,3,36,79,79,42,2077.6,0.7,29,,,,,,
Dark beer de Grimbergen,4,42,109,109,6,114.0,0.5,85,1,2,,,,
Whiskey de Jack Daniel's,3,32,64,64,43,1733.2,0.7,74,,,,,,
Portwine de Bagrationi,1,15,12,12,18,2040.0,1.5,53,,,16,шардоне,1996,4
Liht beer de Сибирская Корона,4,41,128,128,5,129.0,0.5,21,1,2,,,,
Liht beer de Budweiser,4,41,131,131,8,64.68,0.33,10,1,1,,,,
White wine de Gancia,1,12,18,18,13,2334.0,1.5,62,,,13,рислинг,2005,4
Absinthe de Xenta,3,38,91,91,44,626.0,0.25,45,,,,,,
Whiskey de Jim Beam,3,32,94,94,45,491,1,8,,,,,,
Average de Henriot,2,23,51,51,13,1857.0,1.5,33,,,6,каберне,1992,4
Cognac de Braastad,3,33,65,65,43,2494.8,0.7,18,,,,,,
Champagne de Canti,2,21,39,39,12,170.28,0.33,43,,,19,карменер,2013,4
Asti de Taittinger,2,24,44,44,17,276.0,0.75,84,,,18,бастардо,2015,2
Vodka de Blagoff,3,35,92,92,45,1037.4,0.7,35,,,,,,
Champagne de Delamotte,2,21,48,48,13,290.73,0.33,28,,,14,бьянка,2002,1
Dark beer de Franziskaner,4,42,107,107,8,118.8,0.45,79,1,1,,,,
Red wine de Fragolino,1,11,7,7,14,274.23,0.33,29,,,3,алиготе,2019,1
Average de Louis Roederer,2,23,37,37,16,511.5,0.33,2,,,23,карменер,2013,1
Tequila de Sierra,3,36,79,79,43,1607.5,0.5,34,,,,,,
Beer drink de ESSA,4,44,126,126,4,77.88,0.33,44,2,1,,,,
Portwine de Orovela,1,15,1,1,18,1822.5,0.75,79,,,27,шардоне,1990,2
Liquor de Cointreau,3,34,58,58,40,423.5,0.25,55,,,,,,
Rum de Havana Club,3,31,78,78,41,790.75,0.25,27,,,,,,
Rum de Malibu,3,31,70,70,40,2461.2,0.7,68,,,,,,
Sake de Asahi,3,39,100,100,40,954.1,0.7,12,,,,,,
Liht beer de Жигулевское,4,41,111,111,8,90.0,0.5,62,1,1,,,,
Sparkling wine de Louis Roederer,2,22,37,37,16,1075.5,0.75,84,,,22,бастардо,1998,2
Liquor de Patron,3,34,82,82,41,1883.5,0.5,48,,,,,,
Vodka de Smirnoff,3,35,68,68,44,568.0,0.5,56,,,,,,
Portwine de Абрау-Дюрсо,1,15,32,32,16,534.75,0.75,45,,,5,алиготе,1992,2
Red wine de Pinot Grigio,1,11,29,29,18,2637.0,1.5,52,,,25,алиготе,1984,3
Absinthe de Hill's,3,38,83,83,44,2752.4,0.7,79,,,,,,
White wine de Ricasoli,1,12,22,22,12,539.25,0.75,13,,,13,изабелла,2007,4
Absinthe de Xenta,3,38,91,91,41,3924,1,53,,,,,,
Beer drink de Polonaise,4,44,121,121,6,69.96,0.33,78,2,1,,,,
Vodka de Зеленая Марка,3,35,102,102,40,1897.5,0.5,48,,,,,,
Dark beer de Efes,4,42,114,114,7,367.5,1.5,86,1,1,,,,
Gin de Bombay,3,37,99,99,42,308.25,0.25,27,,,,,,
Cognac de Hennessy,3,33,56,56,40,2095.8,0.7,44,,,,,,
Cognac de Courvoisier,3,33,75,75,43,2688.0,0.7,8,,,,,,
Lambrusko de Ruinart,2,25,40,40,12,446.16,0.33,91,,,4,мерло,2005,3
Absinthe de Hill's,3,38,83,83,43,540.4,0.7,81,,,,,,
Average de Балаклава,2,23,47,47,12,822.75,0.75,7,,,8,мерло,2002,4
Cider de Старый Мельник,4,43,113,113,4,93.39,0.33,57,1,2,,,,
Cognac de Camus,3,33,98,98,42,1784.0,0.5,46,,,,,,
Sparkling wine de Henriot,2,22,51,51,12,408.0,0.75,66,,,10,мерло,2000,1
Whiskey de Evan Williams,3,32,69,69,43,899,1,31,,,,,,
Sake de Asahi,3,39,100,100,41,2535,1,6,,,,,,
Dark beer de Harbin,4,42,129,129,5,86.46,0.33,15,2,1,,,,
Sake de Asahi,3,39,100,100,41,444.5,0.7,82,,,,,,
Sparkling wine de Балаклава,2,22,47,47,15,322.5,1.5,56,,,9,шардоне,1996,1
Lambrusko de Ruinart,2,25,40,40,16,2482.5,1.5,73,,,12,бастардо,2019,1
Vermouth de Абрау-Дюрсо,1,14,32,32,16,147.51,0.33,62,,,25,рислинг,1990,4
White wine de Ruffino,1,12,25,25,17,725.34,0.33,68,,,10,алиготе,1982,4
Sparkling wine de Henriot,2,22,51,51,12,972.0,0.75,79,,,25,бьянка,2001,3
Liht beer de Polonaise,4,41,121,121,5,104.85,0.45,85,2,2,,,,
Lambrusko de Chateau Tamagne,2,25,36,36,13,475.2,0.33,62,,,9,бьянка,2009,2
Cognac de Коктебель,3,33,86,86,44,712.25,0.25,97,,,,,,
Asti de Delamotte,2,24,48,48,16,1045.5,0.75,8,,,7,каберне,1998,1
White wine de Kindzmarauli,1,12,6,6,18,776.82,0.33,47,,,14,мерло,2012,2
Absinthe de Tunel,3,38,80,80,41,2372,1,9,,,,,,
Whiskey de Jim Beam,3,32,94,94,42,1240.4,0.7,90,,,,,,
Vermouth de Kindzmarauli,1,14,6,6,12,2833.5,1.5,25,,,24,бьянка,1989,2
Champagne de Delamotte,2,21,48,48,16,159.06,0.33,22,,,12,рислинг,1988,1
Rum de Havana Club,3,31,78,78,41,491,1,5,,,,,,
Vodka de Belvedere,3,35,59,59,43,796.0,0.5,99,,,,,,
White wine de Kindzmarauli,1,12,6,6,17,747.12,0.33,77,,,23,бастардо,1980,3
Sparkling wine de Dom Perignon,2,22,35,35,13,724.68,0.33,12,,,7,мускат,2001,2
White wine de Lion Gri,1,12,16,16,15,1435.5,1.5,14,,,15,совиньон блан,2004,3
Tequila de 1800 Tequila,3,36,87,87,42,3690,1,47,,,,,,
Cognac de Арарат,3,33,67,67,43,1253.5,0.5,71,,,,,,
Whiskey de Citadelle,3,32,96,96,45,1224.5,0.5,53,,,,,,
Champagne de Deutz,2,21,38,38,14,1018.5,0.75,73,,,25,рислинг,2018,3
Tequila de Sauza,3,36,93,93,42,298.2,0.7,12,,,,,,
Red wine de Pinot Grigio,1,11,29,29,17,155.1,0.33,50,,,11,каберне,2018,4
Cider de Franziskaner,4,43,107,107,7,213.0,1.5,96,2,1,,,,
Rose wine de Chateau Peyfaures,1,13,9,9,12,538.5,1.5,62,,,22,мерло,2014,1
Sparkling wine de Chateau Tamagne,2,22,36,36,16,1761.75,0.75,59,,,14,изабелла,2018,3
Portwine de Purcari,1,15,8,8,18,773.85,0.33,89,,,8,каберне,1983,4
Liht beer de Hoegaarden,4,41,116,116,7,93.0,0.5,20,2,2,,,,
Asti de Chateau Tamagne,2,24,36,36,14,3160.5,1.5,29,,,21,алиготе,2021,3
Vermouth de Chateau Peyfaures,1,14,9,9,12,1262.25,0.75,96,,,18,совиньон блан,1985,2
White wine de Gancia,1,12,18,18,14,712.8,0.33,91,,,18,изабелла,1996,4
Tequila de Sierra,3,36,79,79,42,670.75,0.25,73,,,,,,
Cider de Amstel,4,43,118,118,6,62.5,0.5,50,2,1,,,,
Vodka de Finlandia,3,35,71,71,44,856.5,0.25,30,,,,,,
White wine de Badagoni,1,12,5,5,16,514.8,0.33,5,,,17,бастардо,1993,2
Whiskey de Famous Grouse,3,32,62,62,41,2144,1,74,,,,,,
Asti de Santo Stefano,2,24,41,41,14,187.11,0.33,2,,,11,рислинг,2019,4
Rose wine de Lion Gri,1,13,16,16,14,476.19,0.33,72,,,20,каберне,1988,2
Tequila de Sierra,3,36,79,79,45,703.25,0.25,97,,,,,,
Dark beer de Franziskaner,4,42,107,107,7,48.15,0.45,84,1,1,,,,
Champagne de Delamotte,2,21,48,48,14,793.65,0.33,39,,,18,мерло,1991,1
White wine de Абрау-Дюрсо,1,12,32,32,17,626.01,0.33,72,,,23,мерло,2013,3
Cognac de Коктебель,3,33,86,86,45,832.25,0.25,20,,,,,,
Champagne de Золотая Балка,2,21,49,49,12,2604.0,1.5,55,,,24,бьянка,1984,4
Beer drink de Bavaria,4,44,127,127,7,90.45,0.45,62,2,2,,,,
Beer drink de Carlsberg,4,44,120,120,8,166.5,1.5,74,2,1,,,,
Beer drink de Peroni,4,44,125,125,7,85.5,0.45,25,1,2,,,,
Average de Canti,2,23,39,39,13,423.72,0.33,4,,,16,рислинг,2016,1
Liht beer de Jupiler,4,41,123,123,8,38.61,0.33,86,2,2,,,,
Lambrusko de Bollinger,2,25,33,33,16,622.5,0.75,26,,,3,мускат,1998,1
Beer drink de Harbin,4,44,129,129,7,89.43,0.33,48,2,1,,,,
Absinthe de Hill's,3,38,83,83,42,533,1,16,,,,,,
Vermouth de Ricasoli,1,14,22,22,18,2437.5,1.5,100,,,25,рислинг,1986,2
Dark beer de Jupiler,4,42,123,123,5,103.5,0.45,2,2,2,,,,
Champagne de Deutz,2,21,38,38,16,1503.0,0.75,50,,,19,изабелла,2015,2
Rum de Malibu,3,31,70,70,45,714.0,0.7,78,,,,,,
Absinthe de Tunel,3,38,80,80,41,1676.5,0.7,11,,,,,,
White wine de Orovela,1,12,1,1,16,769.89,0.33,39,,,25,карменер,2015,2
Vodka de Belvedere,3,35,59,59,41,730.0,0.5,9,,,,,,
Tequila de Olmeca,3,36,77,77,43,1879.5,0.5,56,,,,,,
Vermouth de Gancia,1,14,18,18,18,1047.75,0.75,99,,,9,мерло,2016,3
Asti de Советское Шампанское,2,24,53,53,16,693.99,0.33,10,,,2,рислинг,1996,1
Liht beer de Franziskaner,4,41,107,107,5,331.5,1.5,67,1,1,,,,
Liht beer de Bavaria,4,41,127,127,7,129.6,0.45,74,2,1,,,,
Rose wine de Chateau Verou,1,13,23,23,18,405.0,1.5,86,,,26,пино нуар,1989,3
Liht beer de Балтика,4,41,106,106,7,112.05,0.45,27,1,2,,,,
Vermouth de Ricasoli,1,14,22,22,12,810.0,0.75,10,,,23,бьянка,1995,3
Portwine de Patriarche,1,15,30,30,16,704.55,0.33,22,,,13,шардоне,2018,1
Cognac de Martel,3,33,55,55,43,864.25,0.25,81,,,,,,
Cognac de Braastad,3,33,65,65,40,114.5,0.25,21,,,,,,
Cider de Jupiler,4,43,123,123,8,406.5,1.5,77,1,1,,,,
Champagne de Буржуа,2,21,52,52,17,370.5,0.75,26,,,22,шардоне,1997,1
Cognac de Martel,3,33,55,55,40,851.25,0.25,100,,,,,,
Cognac de Braastad,3,33,65,65,41,2620.8,0.7,94,,,,,,
Red wine de Sella & Mosca,1,11,19,19,12,317.25,0.75,26,,,27,рислинг,2019,3
Beer drink de Amstel,4,44,118,118,5,97.5,0.5,80,2,1,,,,
Absinthe de Hill's,3,38,83,83,40,881.0,0.25,100,,,,,,
Sake de Asahi,3,39,100,100,43,776.5,0.5,71,,,,,,
Cider de Garage,4,43,115,115,4,334.5,1.5,2,2,1,,,,
Sparkling wine de Ruinart,2,22,40,40,16,1238.25,0.75,89,,,1,карменер,2013,1
Portwine de Marani,1,15,3,3,13,295.35,0.33,98,,,25,мускат,1994,1
Liht beer de Bavaria,4,41,127,127,5,318.0,1.5,61,2,2,,,,
Liht beer de Polonaise,4,41,121,121,6,52.2,0.45,38,1,1,,,,
Asti de Gosset,2,24,42,42,17,1050.0,1.5,51,,,22,шардоне,2012,2
Cognac de Lucid,3,33,104,104,43,2201.5,0.7,82,,,,,,
Champagne de Ruinart,2,21,40,40,12,395.01,0.33,42,,,20,бьянка,2005,4
Portwine de Martini,1,15,14,14,17,306.0,1.5,76,,,19,совиньон блан,1990,3
Asti de Delamotte,2,24,48,48,17,375.0,0.75,82,,,5,алиготе,1984,2
Sparkling wine de Bollinger,2,22,33,33,15,3594.0,1.5,10,,,2,карменер,2016,1
Dark beer de Stella Artois,4,42,108,108,8,74.25,0.45,61,2,1,,,,
Red wine de Santeli,1,11,26,26,13,2445.0,1.5,18,,,9,пино нуар,1990,1
Tequila de Sauza,3,36,93,93,40,341.5,0.5,61,,,,,,
Cider de Corona Extra,4,43,112,112,5,99.9,0.45,39,2,1,,,,
Portwine de Gancia,1,15,18,18,15,462.0,0.33,27,,,16,каберне,1986,4
Cognac de Коктебель,3,33,86,86,41,3316,1,27,,,,,,
Dark beer de Stella Artois,4,42,108,108,5,264.0,1.5,51,2,2,,,,
Beer drink de Grimbergen,4,44,109,109,6,360.0,1.5,77,2,1,,,,
Dark beer de Lowenbrau,4,42,110,110,6,38.28,0.33,55,2,2,,,,
Rose wine de Абрау-Дюрсо,1,13,32,32,18,750.75,0.75,14,,,7,совиньон блан,2008,2
Dark beer de Jupiler,4,42,123,123,6,130.05,0.45,22,1,2,,,,
Beer drink de Miller,4,44,119,119,5,376.5,1.5,18,1,1,,,,
Beer drink de Franziskaner,4,44,107,107,6,108.45,0.45,37,1,1,,,,
Cider de Jupiler,4,43,123,123,6,107.0,0.5,60,1,2,,,,
White wine de Santeli,1,12,26,26,16,1288.5,0.75,39,,,12,мерло,2004,4
Rum de Havana Club,3,31,78,78,40,286.0,0.25,90,,,,,,
White wine de Santeli,1,12,26,26,17,1939.5,1.5,39,,,7,бастардо,2008,2
Liht beer de Bavaria,4,41,127,127,8,79.0,0.5,65,1,2,,,,
Red wine de Kindzmarauli,1,11,6,6,17,1615.5,0.75,2,,,9,алиготе,1984,3
Sparkling wine de Veuve Clicquot,2,22,43,43,18,289.08,0.33,41,,,4,бьянка,2004,4
Red wine de Piccini,1,11,28,28,16,619.5,0.75,78,,,14,бьянка,2010,4
Beer drink de Budweiser,4,44,131,131,5,106.5,0.5,14,1,2,,,,
Champagne de Veuve Clicquot,2,21,43,43,13,114.84,0.33,32,,,18,карменер,2007,4
Cider de Miller,4,43,119,119,4,143.0,0.5,29,1,2,,,,
Lambrusko de Ruinart,2,25,40,40,16,109.89,0.33,80,,,6,бастардо,1996,1
Liht beer de Miller,4,41,119,119,4,112.5,0.45,63,2,2,,,,
Sparkling wine de Золотая Балка,2,22,49,49,15,268.5,0.75,6,,,25,каберне,2019,2
Vodka de Stolichnaya,3,35,105,105,45,1217.5,0.5,56,,,,,,
Portwine de Sogrape,1,15,10,10,17,3625.5,1.5,57,,,11,мускат,2019,4
Vodka de Русский стандарт,3,35,95,95,45,220.5,0.5,61,,,,,,
Vermouth de Martini,1,14,14,14,13,1310.25,0.75,15,,,27,алиготе,2020,2
Vermouth de Массандра,1,14,20,20,18,358.38,0.33,74,,,20,алиготе,1980,3
Whiskey de Jim Beam,3,32,94,94,41,980.0,0.5,69,,,,,,
Dark beer de Miller,4,42,119,119,4,119.25,0.45,99,2,2,,,,
Champagne de Gosset,2,21,42,42,18,310.53,0.33,4,,,25,алиготе,2000,3
Vodka de Becherovka,3,35,74,74,44,2998,1,24,,,,,,
Rum de Bacardi,3,31,81,81,44,515.9,0.7,79,,,,,,
Red wine de Абрау-Дюрсо,1,11,32,32,16,1263.0,1.5,79,,,20,алиготе,1989,4
Liht beer de Carlsberg,4,41,120,120,7,113.4,0.45,43,1,1,,,,
Vodka de Stolichnaya,3,35,105,105,43,947,1,50,,,,,,
Absinthe de Hill's,3,38,83,83,45,821.25,0.25,22,,,,,,
Beer drink de Stella Artois,4,44,108,108,8,229.5,1.5,29,2,2,,,,
Sparkling wine de Dom Perignon,2,22,35,35,17,471.0,0.75,34,,,16,совиньон блан,2012,2
Vermouth de Ruffino,1,14,25,25,13,1344.0,0.75,88,,,12,совиньон блан,2017,2
Cider de Jupiler,4,43,123,123,8,72.0,0.45,58,1,2,,,,
Gin de London Hill,3,37,89,89,44,1565.0,0.5,6,,,,,,
Dark beer de Bavaria,4,42,127,127,4,49.17,0.33,72,2,2,,,,
Average de Canti,2,23,39,39,18,786.75,0.75,19,,,5,мерло,2015,1
Gin de Brocker's,3,37,84,84,42,377.3,0.7,75,,,,,,
Sake de Asahi,3,39,100,100,41,1487.5,0.7,76,,,,,,
Average de Лев Голицын,2,23,34,34,12,425.37,0.33,87,,,18,бастардо,1994,2
Beer drink de Peroni,4,44,125,125,4,127.35,0.45,48,1,1,,,,
Vodka de Smirnoff,3,35,68,68,45,591.25,0.25,46,,,,,,
Liquor de Amaretto,3,34,101,101,43,2748.9,0.7,49,,,,,,
Asti de Delamotte,2,24,48,48,18,879.0,0.75,40,,,25,бьянка,1980,3
Vermouth de Patriarche,1,14,30,30,17,3229.5,1.5,18,,,17,бастардо,2014,2
Beer drink de Franziskaner,4,44,107,107,6,79.65,0.45,57,1,2,,,,
Dark beer de ESSA,4,42,126,126,4,297.0,1.5,65,2,1,,,,
Asti de Krug,2,24,54,54,13,2437.5,1.5,63,,,10,шардоне,1983,3
Sparkling wine de Moet & Chandon,2,22,46,46,13,1102.5,0.75,83,,,13,шардоне,2018,3
Cognac de Courvoisier,3,33,75,75,45,1819.5,0.5,3,,,,,,
Tequila de Olmeca,3,36,77,77,40,593,1,26,,,,,,
Red wine de Sella & Mosca,1,11,19,19,16,3750.0,1.5,8,,,17,каберне,1983,1
Rose wine de Массандра,1,13,20,20,18,3583.5,1.5,59,,,5,каберне,2020,4
Lambrusko de Krug,2,25,54,54,15,3417.0,1.5,27,,,15,каберне,1987,1
Whiskey de White Horse,3,32,103,103,40,1098.5,0.5,68,,,,,,
Dark beer de Beck's,4,42,117,117,6,205.5,1.5,28,1,1,,,,
Portwine de Chateau Verou,1,15,23,23,12,331.98,0.33,69,,,17,мускат,1982,2
Beer drink de Сибирская Корона,4,44,128,128,7,71.28,0.33,30,1,2,,,,
Beer drink de Крым,4,44,122,122,5,75.15,0.45,25,2,2,,,,
Vodka de Smirnoff,3,35,68,68,44,2753,1,45,,,,,,
Dark beer de Jupiler,4,42,123,123,5,110.5,0.5,48,2,1,,,,
Beer drink de Peroni,4,44,125,125,6,117.0,0.5,5,2,1,,,,
Dark beer de Bitburger,4,42,130,130,6,280.5,1.5,7,1,2,,,,
Beer drink de Corona Extra,4,44,112,112,7,132.0,0.5,74,2,1,,,,
Liquor de Amaretto,3,34,101,101,45,1934.8,0.7,94,,,,,,
Cider de Grimbergen,4,43,109,109,8,108.5,0.5,62,1,1,,,,
Vodka de Русский стандарт,3,35,95,95,45,2378,1,32,,,,,,
Lambrusko de Балаклава,2,25,47,47,14,522.72,0.33,82,,,7,шардоне,1995,2
Vermouth de Wine Man,1,14,11,11,12,2164.5,1.5,67,,,16,шардоне,1987,2
Liht beer de Bavaria,4,41,127,127,8,153.0,1.5,23,2,2,,,,
Champagne de Henriot,2,21,51,51,17,249.75,0.75,52,,,1,алиготе,2002,3
Vodka de Becherovka,3,35,74,74,41,1058.5,0.5,65,,,,,,
Liht beer de Hoegaarden,4,41,116,116,6,49.5,0.33,84,2,1,,,,
Rose wine de Chateau Verou,1,13,23,23,14,158.07,0.33,86,,,14,мускат,2018,4
Liht beer de Amstel,4,41,118,118,8,57.15,0.45,96,2,2,,,,
White wine de Массандра,1,12,20,20,15,243.75,0.75,36,,,26,алиготе,1980,1
Cider de Lowenbrau,4,43,110,110,8,127.8,0.45,13,2,2,,,,
Liht beer de Beck's,4,41,117,117,8,97.65,0.45,6,1,1,,,,
Cognac de Braastad,3,33,65,65,44,3045,1,88,,,,,,
Dark beer de Jupiler,4,42,123,123,8,69.75,0.45,21,1,1,,,,
Absinthe de Xenta,3,38,91,91,44,3249,1,78,,,,,,
Asti de Gosset,2,24,42,42,15,981.0,0.75,98,,,5,изабелла,1982,4
Champagne de Taittinger,2,21,44,44,16,255.0,0.75,96,,,21,бастардо,2012,3
Champagne de Krug,2,21,54,54,15,1401.75,0.75,11,,,3,алиготе,2019,4
Liht beer de Polonaise,4,41,121,121,4,403.5,1.5,43,1,2,,,,
Average de Chateau Tamagne,2,23,36,36,14,2434.5,1.5,61,,,2,карменер,1997,4
Red wine de Lion Gri,1,11,16,16,13,1432.5,1.5,90,,,5,пино нуар,1990,3
Liquor de Jagermeister,3,34,72,72,40,1196.0,0.5,23,,,,,,
Rum de Havana Club,3,31,78,78,40,979.5,0.25,41,,,,,,
Cognac de Арарат,3,33,67,67,43,488.5,0.25,6,,,,,,
Portwine de Kvint,1,15,4,4,17,828.75,0.75,16,,,24,рислинг,2018,1
Vermouth de Baglio di Pianetto,1,14,31,31,18,653.25,0.75,74,,,22,рислинг,2003,4
Lambrusko de Chateau Tamagne,2,25,36,36,16,2740.5,1.5,11,,,24,совиньон блан,2012,2
Red wine de Campari,1,11,13,13,13,1126.5,1.5,21,,,18,рислинг,2003,4
Vermouth de Santeli,1,14,26,26,12,313.5,0.33,74,,,9,совиньон блан,2020,4
Cognac de Braastad,3,33,65,65,40,1337,1,29,,,,,,
Vermouth de Purcari,1,14,8,8,16,666.93,0.33,95,,,19,алиготе,1982,4
Whiskey de Jack Daniel's,3,32,64,64,45,2046,1,47,,,,,,
Cognac de Арарат,3,33,67,67,43,508.9,0.7,20,,,,,,
Beer drink de Budweiser,4,44,131,131,5,86.0,0.5,17,2,2,,,,
Sake de Asahi,3,39,100,100,43,3088,1,47,,,,,,
White wine de Wine Man,1,12,11,11,16,568.92,0.33,62,,,20,совиньон блан,2021,4
Sake de Asahi,3,39,100,100,40,1689.8,0.7,27,,,,,,
Champagne de Dom Perignon,2,21,35,35,17,3219.0,1.5,4,,,13,каберне,1983,4
Tequila de Olmeca,3,36,77,77,41,287.25,0.25,62,,,,,,
Liquor de Cointreau,3,34,58,58,40,497.0,0.7,86,,,,,,
Liquor de Cointreau,3,34,58,58,42,703.5,0.7,17,,,,,,
White wine de Batasiolo,1,12,17,17,13,1969.5,1.5,74,,,17,совиньон блан,1988,1
Beer drink de Garage,4,44,115,115,5,134.55,0.45,91,1,2,,,,
Rose wine de Alaverdi,1,13,15,15,14,670.5,1.5,11,,,15,пино нуар,1983,4
Liquor de Cointreau,3,34,58,58,40,692.5,0.5,47,,,,,,
Rum de Havana Club,3,31,78,78,44,467.25,0.25,18,,,,,,
Liht beer de Polonaise,4,41,121,121,6,355.5,1.5,17,2,2,,,,
White wine de Sella & Mosca,1,12,19,19,17,766.5,0.75,58,,,13,каберне,2004,1
Liquor de Patron,3,34,82,82,45,1451.1,0.7,100,,,,,,
Sparkling wine de Dom Perignon,2,22,35,35,16,235.95,0.33,33,,,26,мерло,2004,2
Liquor de Aperol,3,34,76,76,41,821,1,91,,,,,,
Asti de Taittinger,2,24,44,44,12,328.5,1.5,21,,,17,бьянка,2004,3
Beer drink de Stella Artois,4,44,108,108,4,60.5,0.5,65,2,2,,,,
Cider de Крым,4,43,122,122,5,178.5,1.5,19,2,2,,,,
Dark beer de Bavaria,4,42,127,127,5,101.7,0.45,75,2,1,,,,
Vermouth de Fragolino,1,14,7,7,17,525.75,0.75,33,,,6,карменер,2005,2
Beer drink de Bitburger,4,44,130,130,7,384.0,1.5,10,1,2,,,,
Rum de Havana Club,3,31,78,78,40,371.0,0.7,82,,,,,,
Whiskey de Famous Grouse,3,32,62,62,43,2133.6,0.7,6,,,,,,
Rose wine de Baglio di Pianetto,1,13,31,31,17,279.75,0.75,55,,,6,каберне,2003,3
Asti de Балаклава,2,24,47,47,16,322.08,0.33,58,,,26,изабелла,1981,3
Beer drink de Corona Extra,4,44,112,112,5,85.5,0.5,18,1,1,,,,
White wine de Marani,1,12,3,3,17,462.33,0.33,86,,,26,пино нуар,1999,1
Asti de Laurent-Perrier,2,24,45,45,12,196.02,0.33,48,,,19,пино нуар,2004,4
Rum de Malibu,3,31,70,70,40,451.0,0.5,94,,,,,,
Gin de Cork Dry,3,37,66,66,43,1043,1,50,,,,,,
Portwine de Santeli,1,15,26,26,18,249.75,0.75,31,,,15,изабелла,2005,2
Beer drink de Балтика,4,44,106,106,6,384.0,1.5,65,2,2,,,,
White wine de Ricasoli,1,12,22,22,14,302.25,0.75,97,,,3,каберне,2007,4
White wine de Martini,1,12,14,14,14,3691.5,1.5,55,,,12,мерло,2020,4
Tequila de 1800 Tequila,3,36,87,87,44,533.5,0.5,66,,,,,,
Vermouth de Chateau Peyfaures,1,14,9,9,15,1134.0,1.5,52,,,17,мерло,1990,3
Rose wine de Marani,1,13,3,3,18,405.0,0.75,59,,,5,изабелла,2015,3
Dark beer de Жигулевское,4,42,111,111,4,166.5,1.5,96,2,2,,,,
Absinthe de Hill's,3,38,83,83,42,228.0,0.25,8,,,,,,
Cognac de Martel,3,33,55,55,44,2297.4,0.7,57,,,,,,
Rose wine de Falesco,1,13,21,21,12,1274.25,0.75,27,,,23,мерло,1983,2
Sake de Asahi,3,39,100,100,44,812.0,0.7,67,,,,,,
White wine de Chateau Peyfaures,1,12,9,9,12,1711.5,1.5,5,,,5,бьянка,2004,4
Sake de Asahi,3,39,100,100,45,1149,1,54,,,,,,
Rum de Malibu,3,31,70,70,40,262.5,0.5,21,,,,,,
Cognac de Lucid,3,33,104,104,45,244.5,0.25,13,,,,,,
Sake de Asahi,3,39,100,100,42,3294,1,1,,,,,,
Liht beer de Lowenbrau,4,41,110,110,6,105.0,0.5,42,2,2,,,,
Cider de Балтика,4,43,106,106,5,121.5,0.5,16,2,2,,,,
Vermouth de Lion Gri,1,14,16,16,12,3553.5,1.5,82,,,16,каберне,2021,1
Sparkling wine de Dom Perignon,2,22,35,35,17,1404.0,0.75,22,,,4,рислинг,1994,3
Vermouth de Wine Man,1,14,11,11,15,397.5,0.75,58,,,23,бастардо,1999,1
Liht beer de Garage,4,41,115,115,7,225.0,1.5,78,2,2,,,,
Cider de Garage,4,43,115,115,8,79.2,0.33,94,2,1,,,,
White wine de Sella & Mosca,1,12,19,19,18,638.55,0.33,72,,,25,совиньон блан,1994,4
Red wine de Chateau Folonari,1,11,2,2,18,500.25,0.75,29,,,4,карменер,1991,4
Lambrusko de Dom Perignon,2,25,35,35,18,610.17,0.33,39,,,27,пино нуар,1990,3
Vodka de Русский стандарт,3,35,95,95,42,256.25,0.25,60,,,,,,
Dark beer de Carlsberg,4,42,120,120,7,54.12,0.33,87,2,2,,,,
Lambrusko de Louis Roederer,2,25,37,37,15,483.78,0.33,2,,,26,рислинг,2020,3
Absinthe de Tunel,3,38,80,80,43,1731.1,0.7,19,,,,,,
Portwine de Marani,1,15,3,3,15,1721.25,0.75,66,,,24,бьянка,2011,1
Cider de Budweiser,4,43,131,131,7,103.0,0.5,43,2,2,,,,
Liht beer de Bitburger,4,41,130,130,6,86.85,0.45,76,1,2,,,,
Liquor de Kahlua,3,34,63,63,43,868.75,0.25,98,,,,,,
Champagne de Taittinger,2,21,44,44,16,297.75,0.75,4,,,7,мускат,2012,1
Tequila de Olmeca,3,36,77,77,40,998.0,0.5,49,,,,,,
Whiskey de Jim Beam,3,32,94,94,42,1298,1,45,,,,,,
Liht beer de Grimbergen,4,41,109,109,4,130.0,0.5,71,2,1,,,,
White wine de Абрау-Дюрсо,1,12,32,32,16,1344.75,0.75,54,,,2,бастардо,2020,1
White wine de Pinot Grigio,1,12,29,29,17,1210.5,0.75,80,,,25,совиньон блан,2020,3
Average de Золотая Балка,2,23,49,49,16,646.14,0.33,34,,,10,карменер,2014,3
Rose wine de Alaverdi,1,13,15,15,13,938.25,0.75,75,,,17,бастардо,2010,2
Sake de Asahi,3,39,100,100,43,1182.5,0.5,8,,,,,,
Cider de Lowenbrau,4,43,110,110,6,288.0,1.5,52,1,2,,,,
Dark beer de Балтика,4,42,106,106,7,246.0,1.5,69,2,1,,,,
Portwine de Baglio di Pianetto,1,15,31,31,13,1492.5,1.5,26,,,16,бьянка,2017,1
Cider de Miller,4,43,119,119,6,100.35,0.45,34,1,2,,,,
Asti de Krug,2,24,54,54,15,190.74,0.33,62,,,16,бастардо,1989,3
Sparkling wine de Laurent-Perrier,2,22,45,45,14,1404.75,0.75,9,,,26,шардоне,2001,3
White wine de Wine Man,1,12,11,11,13,642.0,1.5,46,,,16,пино нуар,2015,2
Portwine de Kvint,1,15,4,4,17,483.12,0.33,2,,,6,совиньон блан,2018,4
White wine de Chateau Peyfaures,1,12,9,9,18,193.38,0.33,7,,,11,рислинг,2015,3
Sake de Asahi,3,39,100,100,40,1320.9,0.7,28,,,,,,
Sparkling wine de Буржуа,2,22,52,52,12,269.61,0.33,97,,,6,изабелла,1982,3
Cider de Carlsberg,4,43,120,120,4,111.0,0.5,45,1,1,,,,
Cider de Amstel,4,43,118,118,7,424.5,1.5,66,1,2,,,,
Gin de Gordon's,3,37,88,88,45,123.5,0.25,48,,,,,,
Liquor de Cointreau,3,34,58,58,45,344.75,0.25,78,,,,,,
Beer drink de Старый Мельник,4,44,113,113,6,112.0,0.5,46,1,1,,,,
Lambrusko de Laurent-Perrier,2,25,45,45,13,1482.0,1.5,75,,,16,совиньон блан,2016,2
Average de Советское Шампанское,2,23,53,53,14,1006.5,1.5,90,,,17,шардоне,1988,1
Sparkling wine de Ruinart,2,22,40,40,18,1591.5,1.5,69,,,9,рислинг,2015,3
Average de Krug,2,23,54,54,15,762.63,0.33,35,,,24,пино нуар,2006,4
Absinthe de Xenta,3,38,91,91,45,1545.6,0.7,39,,,,,,
Cider de Grimbergen,4,43,109,109,6,131.85,0.45,52,1,2,,,,
Dark beer de Балтика,4,42,106,106,4,103.5,0.45,12,2,2,,,,
Portwine de Orovela,1,15,1,1,13,1724.25,0.75,95,,,26,алиготе,1989,2
Dark beer de Bitburger,4,42,130,130,8,97.68,0.33,37,2,2,,,,
Asti de Krug,2,24,54,54,15,423.39,0.33,17,,,18,карменер,1985,1
Vermouth de Абрау-Дюрсо,1,14,32,32,17,1560.0,0.75,1,,,26,пино нуар,1987,4
Liquor de Patron,3,34,82,82,44,2308,1,28,,,,,,
Cognac de Коктебель,3,33,86,86,40,440.3,0.7,69,,,,,,
Average de Laurent-Perrier,2,23,45,45,18,1437.0,0.75,60,,,12,бастардо,1990,3
Red wine de Baglio di Pianetto,1,11,31,31,17,2307.0,1.5,72,,,3,мускат,2005,1
Rum de Malibu,3,31,70,70,43,151.0,0.25,61,,,,,,
Average de Krug,2,23,54,54,13,1327.5,1.5,72,,,26,карменер,2002,1
Vermouth de Batasiolo,1,14,17,17,13,627.99,0.33,44,,,2,шардоне,2008,1
Absinthe de Tunel,3,38,80,80,45,1826.3,0.7,63,,,,,,
Dark beer de Stella Artois,4,42,108,108,5,124.65,0.45,28,2,2,,,,
Whiskey de Famous Grouse,3,32,62,62,45,592.25,0.25,44,,,,,,
Liquor de Kahlua,3,34,63,63,42,2771.3,0.7,83,,,,,,
Dark beer de Bitburger,4,42,130,130,8,102.6,0.45,20,1,2,,,,
Whiskey de Jameson,3,32,60,60,42,1866.5,0.5,27,,,,,,
Dark beer de Jupiler,4,42,123,123,7,94.71,0.33,18,1,1,,,,
Vermouth de Sogrape,1,14,10,10,14,1059.75,0.75,90,,,3,рислинг,1983,1
Lambrusko de Louis Roederer,2,25,37,37,18,501.6,0.33,52,,,12,шардоне,2016,4
Beer drink de Efes,4,44,114,114,8,139.0,0.5,36,1,2,,,,
Red wine de Orovela,1,11,1,1,12,523.71,0.33,55,,,2,рислинг,1981,2
Cider de ESSA,4,43,126,126,4,83.49,0.33,5,1,2,,,,
Sparkling wine de Dom Perignon,2,22,35,35,12,2385.0,1.5,73,,,8,бастардо,1999,3
Average de Louis Roederer,2,23,37,37,15,160.05,0.33,88,,,19,каберне,2015,4
Average de Santo Stefano,2,23,41,41,12,2712.0,1.5,34,,,1,шардоне,2018,2
Asti de Chateau Tamagne,2,24,36,36,12,1715.25,0.75,96,,,27,пино нуар,2002,3
Liht beer de Peroni,4,41,125,125,6,89.55,0.45,95,1,2,,,,
Portwine de Kindzmarauli,1,15,6,6,15,190.08,0.33,99,,,7,бьянка,1980,4
Liht beer de Polonaise,4,41,121,121,7,405.0,1.5,73,1,1,,,,
Cider de Beck's,4,43,117,117,7,58.5,0.45,89,2,1,,,,
Portwine de Sogrape,1,15,10,10,15,75.24,0.33,56,,,3,бастардо,2021,2
Sparkling wine de Louis Roederer,2,22,37,37,16,3319.5,1.5,6,,,26,пино нуар,2005,2
White wine de Chateau Peyfaures,1,12,9,9,18,214.5,0.33,22,,,23,шардоне,2006,3
Portwine de Lion Gri,1,15,16,16,12,916.5,1.5,18,,,6,рислинг,2000,1
Beer drink de Franziskaner,4,44,107,107,4,36.63,0.33,20,1,2,,,,
Portwine de Массандра,1,15,20,20,16,990.0,1.5,38,,,15,алиготе,1996,4
Red wine de Badagoni,1,11,5,5,13,123.75,0.33,16,,,27,мускат,2015,2
Lambrusko de Chateau Tamagne,2,25,36,36,17,1687.5,0.75,30,,,2,каберне,2005,1
Rose wine de Gancia,1,13,18,18,18,191.07,0.33,34,,,20,совиньон блан,1986,2
Cider de Жигулевское,4,43,111,111,7,328.5,1.5,52,2,1,,,,
Vodka de Finlandia,3,35,71,71,43,2104,1,33,,,,,,
Asti de Delamotte,2,24,48,48,12,1245.0,0.75,23,,,21,пино нуар,2003,2
Asti de Bollinger,2,24,33,33,13,1263.0,1.5,37,,,10,рислинг,2013,4
Asti de Mondoro,2,24,50,50,15,609.51,0.33,62,,,5,карменер,2015,1
Dark beer de Corona Extra,4,42,112,112,5,95.0,0.5,65,1,2,,,,
Rose wine de Purcari,1,13,8,8,18,487.74,0.33,99,,,12,совиньон блан,2003,2
Average de Henriot,2,23,51,51,12,162.69,0.33,22,,,9,алиготе,2014,1
Cider de Tuborg,4,43,124,124,8,65.0,0.5,74,2,2,,,,
Red wine de Santeli,1,11,26,26,15,667.59,0.33,100,,,26,мускат,2012,1
Cider de Miller,4,43,119,119,5,54.45,0.45,60,1,2,,,,
Red wine de Santeli,1,11,26,26,12,263.67,0.33,21,,,25,изабелла,2017,4
Rose wine de Ricasoli,1,13,22,22,16,395.34,0.33,13,,,14,изабелла,1999,1
Liquor de Kahlua,3,34,63,63,43,1961,1,52,,,,,,
Whiskey de Evan Williams,3,32,69,69,40,497.5,0.5,18,,,,,,
Cognac de Арарат,3,33,67,67,41,2158.1,0.7,46,,,,,,
White wine de Kindzmarauli,1,12,6,6,18,2020.5,1.5,29,,,16,совиньон блан,1991,1
Dark beer de Tuborg,4,42,124,124,5,45.87,0.33,49,1,1,,,,
Rose wine de Chateau Folonari,1,13,2,2,18,364.65,0.33,97,,,3,пино нуар,1995,4
Asti de Laurent-Perrier,2,24,45,45,17,823.02,0.33,15,,,21,алиготе,2005,2
Liquor de Cointreau,3,34,58,58,42,293.3,0.7,93,,,,,,
Beer drink de Tuborg,4,44,124,124,4,39.27,0.33,94,2,2,,,,
Cider de Stella Artois,4,43,108,108,8,68.0,0.5,87,1,1,,,,
Cognac de Martel,3,33,55,55,41,1027.5,0.5,70,,,,,,
Sparkling wine de Буржуа,2,22,52,52,15,1502.25,0.75,48,,,14,мускат,1991,1
Liht beer de Beck's,4,41,117,117,6,403.5,1.5,52,2,2,,,,
Average de Dom Perignon,2,23,35,35,14,294.0,0.75,81,,,11,каберне,1998,3
Cider de Сибирская Корона,4,43,128,128,6,63.03,0.33,97,1,1,,,,
Beer drink de Сибирская Корона,4,44,128,128,7,90.42,0.33,37,1,1,,,,
Cognac de Арарат,3,33,67,67,43,578.2,0.7,77,,,,,,
Liht beer de Lowenbrau,4,41,110,110,7,75.57,0.33,6,1,2,,,,
Tequila de 1800 Tequila,3,36,87,87,45,840,1,77,,,,,,
Rum de Havana Club,3,31,78,78,42,1025,1,97,,,,,,
Average de Veuve Clicquot,2,23,43,43,15,462.66,0.33,88,,,10,карменер,1985,3
Asti de Bollinger,2,24,33,33,17,589.5,0.75,65,,,11,пино нуар,1990,2
Average de Советское Шампанское,2,23,53,53,12,660.0,1.5,66,,,11,рислинг,1995,4
Tequila de 1800 Tequila,3,36,87,87,43,2731,1,74,,,,,,
Vodka de Belvedere,3,35,59,59,43,1531,1,95,,,,,,
Liquor de Patron,3,34,82,82,45,1243.9,0.7,95,,,,,,
White wine de Marani,1,12,3,3,15,740.25,0.75,49,,,7,мускат,2018,1
Liht beer de Budweiser,4,41,131,131,5,139.0,0.5,2,1,2,,,,
Dark beer de Lowenbrau,4,42,110,110,4,81.9,0.45,70,2,2,,,,
Tequila de Sierra,3,36,79,79,40,2389.1,0.7,8,,,,,,
Beer drink de Efes,4,44,114,114,7,426.0,1.5,37,2,2,,,,
Average de Bollinger,2,23,33,33,17,493.5,0.75,15,,,19,алиготе,1989,1
Gin de Cork Dry,3,37,66,66,44,2704,1,73,,,,,,
Lambrusko de Louis Roederer,2,25,37,37,14,702.75,0.75,96,,,21,шардоне,2015,4
Champagne de Henriot,2,21,51,51,12,555.75,0.75,54,,,15,каберне,1980,2
Absinthe de Tunel,3,38,80,80,43,459.5,0.5,30,,,,,,
Lambrusko de Советское Шампанское,2,25,53,53,14,1063.5,0.75,7,,,24,каберне,2001,1
Liht beer de Corona Extra,4,41,112,112,4,116.55,0.45,32,2,1,,,,
Lambrusko de Moet & Chandon,2,25,46,46,12,351.0,1.5,12,,,19,мерло,2003,1
Cognac de Courvoisier,3,33,75,75,43,2210,1,39,,,,,,
Rum de Havana Club,3,31,78,78,43,346.5,0.5,22,,,,,,
Lambrusko de Dom Perignon,2,25,35,35,18,408.54,0.33,14,,,8,шардоне,2005,3
Portwine de Orovela,1,15,1,1,17,107.91,0.33,15,,,19,алиготе,1994,1
Liquor de Kahlua,3,34,63,63,44,308.75,0.25,40,,,,,,
White wine de Chateau Peyfaures,1,12,9,9,13,511.17,0.33,71,,,4,бьянка,1996,4
Red wine de Bagrationi,1,11,12,12,13,701.91,0.33,15,,,10,карменер,1990,3
Cognac de Арарат,3,33,67,67,41,2663,1,38,,,,,,
Cognac de Коктебель,3,33,86,86,40,352.75,0.25,49,,,,,,
White wine de Marani,1,12,3,3,13,1349.25,0.75,18,,,20,бастардо,2000,1
Champagne de Ruinart,2,21,40,40,13,728.64,0.33,47,,,2,бьянка,1990,3
Red wine de Alaverdi,1,11,15,15,13,1734.75,0.75,63,,,25,каберне,2015,2
Lambrusko de Лев Голицын,2,25,34,34,18,565.5,1.5,28,,,27,каберне,1985,2
Dark beer de Жигулевское,4,42,111,111,6,399.0,1.5,67,2,1,,,,
Red wine de Абрау-Дюрсо,1,11,32,32,18,831.75,0.75,22,,,11,шардоне,2013,4
Average de Bollinger,2,23,33,33,14,260.25,0.75,89,,,5,рислинг,2002,4
Champagne de Gosset,2,21,42,42,15,3040.5,1.5,65,,,12,бастардо,1983,1
Gin de Gordon's,3,37,88,88,41,1509,1,95,,,,,,
Red wine de Orovela,1,11,1,1,18,1561.5,1.5,26,,,3,пино нуар,2014,1
Portwine de Chateau Verou,1,15,23,23,17,561.99,0.33,96,,,2,пино нуар,1999,4
Dark beer de Hoegaarden,4,42,116,116,7,140.5,0.5,15,2,1,,,,
Portwine de Fragolino,1,15,7,7,17,162.36,0.33,41,,,18,бастардо,1996,1
White wine de Pinot Grigio,1,12,29,29,17,132.0,0.33,95,,,20,мерло,2008,4
Cider de Старый Мельник,4,43,113,113,6,40.26,0.33,22,1,1,,,,
Lambrusko de Delamotte,2,25,48,48,13,936.0,1.5,55,,,27,бастардо,1995,3
Champagne de Советское Шампанское,2,21,53,53,17,840.0,0.75,45,,,7,каберне,1983,3
Champagne de Bollinger,2,21,33,33,15,415.8,0.33,43,,,21,каберне,2015,2
Cider de Carlsberg,4,43,120,120,4,232.5,1.5,55,1,1,,,,
Liht beer de Peroni,4,41,125,125,8,142.0,0.5,89,1,1,,,,
White wine de Campari,1,12,13,13,14,745.14,0.33,53,,,7,изабелла,2011,4
Gin de London Hill,3,37,89,89,45,3040,1,34,,,,,,
Liht beer de Budweiser,4,41,131,131,6,68.64,0.33,32,1,2,,,,
Sake de Asahi,3,39,100,100,45,508.5,0.5,65,,,,,,
Gin de Cork Dry,3,37,66,66,45,505.5,0.25,47,,,,,,
Liht beer de Polonaise,4,41,121,121,8,123.3,0.45,1,2,2,,,,
Absinthe de Xenta,3,38,91,91,45,1854.5,0.5,51,,,,,,
Liquor de Patron,3,34,82,82,44,345.0,0.5,93,,,,,,
Tequila de 1800 Tequila,3,36,87,87,42,791.7,0.7,44,,,,,,
Asti de Taittinger,2,24,44,44,17,883.5,0.75,85,,,3,шардоне,2019,2
White wine de Batasiolo,1,12,17,17,12,775.83,0.33,72,,,4,каберне,2018,3
White wine de Badagoni,1,12,5,5,15,160.38,0.33,69,,,24,изабелла,2004,1
Sake de Asahi,3,39,100,100,41,2366.7,0.7,91,,,,,,
Beer drink de Jupiler,4,44,123,123,6,66.5,0.5,81,1,2,,,,
Lambrusko de Laurent-Perrier,2,25,45,45,18,145.53,0.33,38,,,16,шардоне,2015,3
Vermouth de Sella & Mosca,1,14,19,19,16,424.5,1.5,15,,,12,шардоне,1983,1
Cider de Efes,4,43,114,114,7,118.0,0.5,44,1,1,,,,
Absinthe de Hill's,3,38,83,83,40,1397.5,0.5,4,,,,,,
Champagne de Chateau Tamagne,2,21,36,36,15,2677.5,1.5,17,,,10,мерло,2012,3
Liquor de Kahlua,3,34,63,63,44,2219,1,56,,,,,,
Beer drink de Corona Extra,4,44,112,112,6,57.5,0.5,42,1,1,,,,
Portwine de Alaverdi,1,15,15,15,16,1385.25,0.75,60,,,11,карменер,2008,1
Vermouth de Orovela,1,14,1,1,14,1474.5,0.75,65,,,19,мускат,1985,3
Vermouth de Falesco,1,14,21,21,13,1344.75,0.75,95,,,2,бастардо,2003,2
Liht beer de Amstel,4,41,118,118,5,80.1,0.45,59,2,2,,,,
Vermouth de Ricasoli,1,14,22,22,13,1039.5,1.5,98,,,5,алиготе,1991,3
Lambrusko de Chateau Tamagne,2,25,36,36,15,1381.5,1.5,69,,,24,совиньон блан,2021,1
Lambrusko de Буржуа,2,25,52,52,12,615.75,0.75,84,,,12,каберне,2006,4
Average de Santo Stefano,2,23,41,41,14,231.33,0.33,25,,,26,совиньон блан,1995,1
Liquor de Cointreau,3,34,58,58,45,502,1,54,,,,,,
Cognac de Арарат,3,33,67,67,44,1191.4,0.7,49,,,,,,
Portwine de Martini,1,15,14,14,15,1618.5,0.75,47,,,15,шардоне,2021,4
Sake de Asahi,3,39,100,100,40,2398.9,0.7,71,,,,,,
Red wine de Lion Gri,1,11,16,16,17,792.0,0.33,4,,,2,бастардо,1998,2
Rum de Havana Club,3,31,78,78,43,152.25,0.25,88,,,,,,
Vodka de Stolichnaya,3,35,105,105,41,1559.0,0.5,95,,,,,,
Liht beer de Tuborg,4,41,124,124,4,110.0,0.5,82,2,1,,,,
Gin de Beefeater,3,37,61,61,42,1792.7,0.7,86,,,,,,
Dark beer de Жигулевское,4,42,111,111,7,163.5,1.5,11,2,1,,,,
Portwine de Batasiolo,1,15,17,17,16,626.25,0.75,37,,,6,рислинг,1987,3
Cognac de Коктебель,3,33,86,86,43,1845,1,5,,,,,,
Lambrusko de Золотая Балка,2,25,49,49,13,812.13,0.33,68,,,9,бастардо,2007,1
Sake de Asahi,3,39,100,100,42,3157,1,75,,,,,,
Champagne de Bollinger,2,21,33,33,15,3310.5,1.5,18,,,27,изабелла,2013,2
Champagne de Veuve Clicquot,2,21,43,43,13,3678.0,1.5,33,,,10,бьянка,2002,4
Sparkling wine de Henriot,2,22,51,51,18,1612.5,0.75,10,,,26,шардоне,2007,2
Absinthe de Xenta,3,38,91,91,41,912.5,0.5,20,,,,,,
Vermouth de Alaverdi,1,14,15,15,15,3166.5,1.5,17,,,21,совиньон блан,2013,2
Lambrusko de Deutz,2,25,38,38,12,480.81,0.33,46,,,22,шардоне,2017,4
Average de Буржуа,2,23,52,52,12,160.05,0.33,2,,,1,изабелла,2005,1
Liquor de Amaretto,3,34,101,101,45,317.25,0.25,30,,,,,,
Absinthe de Xenta,3,38,91,91,45,391.5,0.5,93,,,,,,
Cider de Крым,4,43,122,122,6,101.25,0.45,38,2,2,,,,
Lambrusko de Louis Roederer,2,25,37,37,13,674.19,0.33,42,,,24,мускат,2000,4
Absinthe de Tunel,3,38,80,80,41,288.5,0.5,26,,,,,,
Average de Veuve Clicquot,2,23,43,43,15,749.25,0.75,78,,,26,шардоне,1993,3
Whiskey de White Horse,3,32,103,103,40,1450.0,0.5,27,,,,,,
Portwine de Lion Gri,1,15,16,16,16,1274.25,0.75,42,,,12,бьянка,2010,2
Lambrusko de Gosset,2,25,42,42,15,1731.0,0.75,87,,,2,совиньон блан,1997,4
Rose wine de Chateau Preuillac,1,13,27,27,18,210.75,0.75,49,,,15,мерло,2016,1
White wine de Patriarche,1,12,30,30,13,148.5,0.33,31,,,13,рислинг,1981,4
Asti de Veuve Clicquot,2,24,43,43,14,857.25,0.75,34,,,21,шардоне,2010,3
Sparkling wine de Henriot,2,22,51,51,15,1584.0,1.5,59,,,4,совиньон блан,1989,3
Red wine de Kvint,1,11,4,4,14,525.03,0.33,79,,,11,мерло,2019,2
Lambrusko de Laurent-Perrier,2,25,45,45,14,175.56,0.33,17,,,17,мерло,1992,3
Liht beer de Bavaria,4,41,127,127,5,52.47,0.33,63,2,2,,,,
Rose wine de Alaverdi,1,13,15,15,18,3274.5,1.5,48,,,23,каберне,1985,2
Tequila de Sierra,3,36,79,79,44,1888.0,0.5,87,,,,,,
Dark beer de Peroni,4,42,125,125,6,98.55,0.45,31,2,2,,,,
Lambrusko de Deutz,2,25,38,38,14,3342.0,1.5,43,,,5,бьянка,2002,2
Tequila de Sauza,3,36,93,93,44,995.25,0.25,35,,,,,,
Liht beer de Harbin,4,41,129,129,6,84.15,0.45,43,2,1,,,,
Champagne de Bollinger,2,21,33,33,16,2743.5,1.5,50,,,15,мерло,2014,1
Sparkling wine de Dom Perignon,2,22,35,35,13,3300.0,1.5,83,,,3,мускат,2020,3
Gin de Bombay,3,37,99,99,45,789.5,0.25,59,,,,,,
Champagne de Santo Stefano,2,21,41,41,17,3571.5,1.5,62,,,21,бастардо,2010,3
Dark beer de ESSA,4,42,126,126,6,86.79,0.33,15,1,2,,,,
Gin de Bombay,3,37,99,99,43,3415,1,54,,,,,,
Red wine de Baglio di Pianetto,1,11,31,31,15,766.59,0.33,38,,,17,бьянка,2012,4
Beer drink de Peroni,4,44,125,125,6,232.5,1.5,27,2,1,,,,
Lambrusko de Krug,2,25,54,54,15,2742.0,1.5,84,,,9,алиготе,2011,3
Dark beer de Lowenbrau,4,42,110,110,7,175.5,1.5,14,1,2,,,,
Portwine de Bagrationi,1,15,12,12,18,603.0,0.75,43,,,5,изабелла,2011,1
Absinthe de Xenta,3,38,91,91,43,760.9,0.7,81,,,,,,
Red wine de Chateau Preuillac,1,11,27,27,14,3577.5,1.5,51,,,7,совиньон блан,1988,3
Lambrusko de Krug,2,25,54,54,13,560.01,0.33,100,,,14,шардоне,1989,4
Liht beer de Budweiser,4,41,131,131,5,51.0,0.5,89,2,2,,,,
Tequila de Sauza,3,36,93,93,43,1182.0,0.5,16,,,,,,
White wine de Абрау-Дюрсо,1,12,32,32,14,240.75,0.75,64,,,7,алиготе,2011,1
Beer drink de Крым,4,44,122,122,4,78.3,0.45,22,1,2,,,,
Sparkling wine de Советское Шампанское,2,22,53,53,12,3535.5,1.5,7,,,6,алиготе,1992,3
Red wine de Массандра,1,11,20,20,14,1433.25,0.75,18,,,22,мускат,2012,4
Beer drink de Tuborg,4,44,124,124,6,58.74,0.33,79,2,1,,,,
Tequila de 1800 Tequila,3,36,87,87,45,1026.0,0.5,98,,,,,,
Beer drink de Tuborg,4,44,124,124,6,132.0,0.5,29,1,1,,,,
Champagne de Delamotte,2,21,48,48,15,722.7,0.33,67,,,15,бастардо,1988,3
Absinthe de Tunel,3,38,80,80,41,3966,1,89,,,,,,
Vermouth de Bagrationi,1,14,12,12,17,1332.75,0.75,1,,,13,совиньон блан,2008,4
Sake de Asahi,3,39,100,100,45,1632,1,19,,,,,,
Red wine de Fragolino,1,11,7,7,12,657.36,0.33,78,,,5,алиготе,2019,2
Lambrusko de Советское Шампанское,2,25,53,53,13,531.3,0.33,24,,,27,бастардо,2021,3
Red wine de Martini,1,11,14,14,16,257.07,0.33,33,,,6,мерло,2000,4
Rose wine de Sella & Mosca,1,13,19,19,13,225.0,0.75,72,,,27,рислинг,1981,2
Gin de Brocker's,3,37,84,84,41,1706.5,0.5,81,,,,,,
Portwine de Абрау-Дюрсо,1,15,32,32,14,333.3,0.33,16,,,25,карменер,2020,4
Tequila de Sierra,3,36,79,79,42,1982.5,0.5,53,,,,,,
Portwine de Martini,1,15,14,14,18,2772.0,1.5,13,,,7,каберне,1990,3
Asti de Santo Stefano,2,24,41,41,18,2508.0,1.5,83,,,10,каберне,2007,2
Red wine de Bagrationi,1,11,12,12,16,647.46,0.33,94,,,2,совиньон блан,2014,4
Sparkling wine de Bollinger,2,22,33,33,15,2509.5,1.5,26,,,14,изабелла,1985,4
Cognac de Lucid,3,33,104,104,45,1773.1,0.7,28,,,,,,
Vermouth de Fragolino,1,14,7,7,14,254.76,0.33,80,,,1,каберне,2011,1
Asti de Chateau Tamagne,2,24,36,36,16,2374.5,1.5,12,,,2,мерло,2017,2
Liht beer de Старый Мельник,4,41,113,113,7,115.5,0.5,64,2,2,,,,
Champagne de Canti,2,21,39,39,18,2541.0,1.5,97,,,26,шардоне,2006,3
Portwine de Alaverdi,1,15,15,15,18,3520.5,1.5,40,,,13,каберне,2014,2
Vermouth de Marani,1,14,3,3,13,501.93,0.33,30,,,21,мерло,2000,3
Champagne de Золотая Балка,2,21,49,49,17,985.5,1.5,1,,,26,изабелла,2021,4
Cider de Harbin,4,43,129,129,6,103.95,0.45,92,1,2,,,,
Liht beer de Сибирская Корона,4,41,128,128,5,424.5,1.5,89,1,1,,,,
Vermouth de Chateau Folonari,1,14,2,2,12,452.1,0.33,14,,,5,карменер,1994,3
Vermouth de Абрау-Дюрсо,1,14,32,32,12,543.84,0.33,79,,,23,пино нуар,1988,4
Portwine de Kindzmarauli,1,15,6,6,12,3447.0,1.5,27,,,7,рислинг,2004,1
White wine de Chateau Peyfaures,1,12,9,9,17,580.8,0.33,93,,,11,мерло,1981,2
Tequila de Sierra,3,36,79,79,43,1669,1,68,,,,,,
Absinthe de Tunel,3,38,80,80,42,1550,1,20,,,,,,
White wine de Orovela,1,12,1,1,15,588.0,0.75,10,,,4,алиготе,1995,4
Dark beer de Amstel,4,42,118,118,6,51.0,0.5,89,1,1,,,,
Liquor de Baileys,3,34,90,90,44,350.7,0.7,26,,,,,,
Dark beer de Старый Мельник,4,42,113,113,6,420.0,1.5,48,2,1,,,,
Absinthe de Hill's,3,38,83,83,42,1770.0,0.5,50,,,,,,
Champagne de Moet & Chandon,2,21,46,46,15,1795.5,1.5,77,,,4,мускат,2021,1
Cider de Polonaise,4,43,121,121,4,37.62,0.33,46,1,1,,,,
Beer drink de Старый Мельник,4,44,113,113,8,79.0,0.5,5,1,1,,,,
Absinthe de Hill's,3,38,83,83,44,2243.5,0.7,3,,,,,,
Average de Bollinger,2,23,33,33,12,590.37,0.33,18,,,20,бастардо,2004,3
Asti de Ruinart,2,24,40,40,16,279.84,0.33,19,,,11,шардоне,2010,2
Whiskey de Chivas Regal,3,32,73,73,45,623.7,0.7,25,,,,,,
Liht beer de Peroni,4,41,125,125,6,91.5,0.5,63,1,1,,,,
Tequila de Sauza,3,36,93,93,45,2543,1,36,,,,,,
Vodka de Belvedere,3,35,59,59,41,602.7,0.7,49,,,,,,
Cognac de Camus,3,33,98,98,44,218.0,0.5,22,,,,,,
Cider de Polonaise,4,43,121,121,8,67.05,0.45,51,1,1,,,,
Absinthe de Xenta,3,38,91,91,45,477.25,0.25,28,,,,,,
Sake de Asahi,3,39,100,100,44,3138,1,22,,,,,,
Dark beer de Corona Extra,4,42,112,112,8,77.85,0.45,54,2,2,,,,
Average de Золотая Балка,2,23,49,49,17,286.77,0.33,68,,,21,мускат,2005,1
Gin de Cork Dry,3,37,66,66,42,310.75,0.25,78,,,,,,
Champagne de Буржуа,2,21,52,52,18,1566.0,1.5,80,,,17,мускат,2012,2
Red wine de Pinot Grigio,1,11,29,29,13,541.2,0.33,59,,,3,алиготе,2005,2
Rum de Havana Club,3,31,78,78,40,637,1,99,,,,,,
Portwine de Patriarche,1,15,30,30,17,360.75,0.75,81,,,25,рислинг,2011,3
Sparkling wine de Laurent-Perrier,2,22,45,45,16,1978.5,1.5,24,,,15,бастардо,1987,2
Dark beer de Harbin,4,42,129,129,5,125.5,0.5,94,2,1,,,,
Cognac de Martel,3,33,55,55,44,2674.0,0.7,79,,,,,,
Asti de Santo Stefano,2,24,41,41,15,2682.0,1.5,63,,,6,изабелла,1982,2
Liht beer de Efes,4,41,114,114,4,122.0,0.5,35,1,2,,,,
Beer drink de Bavaria,4,44,127,127,7,99.9,0.45,95,2,2,,,,
Dark beer de Budweiser,4,42,131,131,6,91.5,0.5,63,2,1,,,,
Cider de Jupiler,4,43,123,123,4,432.0,1.5,63,2,2,,,,
Absinthe de Xenta,3,38,91,91,44,380.1,0.7,95,,,,,,
Vermouth de Абрау-Дюрсо,1,14,32,32,17,1455.0,1.5,57,,,23,пино нуар,2005,1
Red wine de Kindzmarauli,1,11,6,6,15,2934.0,1.5,41,,,19,карменер,2012,2
Cider de Efes,4,43,114,114,8,283.5,1.5,47,2,2,,,,
Rose wine de Cricova,1,13,24,24,15,622.5,0.75,77,,,24,бастардо,2002,1
Liquor de Jagermeister,3,34,72,72,40,967.4,0.7,22,,,,,,
Average de Ruinart,2,23,40,40,15,1797.0,1.5,55,,,24,изабелла,2018,2
Portwine de Sogrape,1,15,10,10,13,1098.0,0.75,41,,,16,карменер,1991,4
Cider de Amstel,4,43,118,118,6,159.0,1.5,35,1,2,,,,
Liht beer de Крым,4,41,122,122,6,50.82,0.33,86,1,1,,,,
White wine de Purcari,1,12,8,8,12,241.56,0.33,40,,,1,рислинг,2003,4
White wine de Falesco,1,12,21,21,13,973.5,0.75,73,,,11,изабелла,1987,4
Vermouth de Ruffino,1,14,25,25,13,1515.0,1.5,3,,,12,каберне,1996,4
Liht beer de ESSA,4,41,126,126,7,190.5,1.5,35,1,2,,,,
Vodka de Becherovka,3,35,74,74,41,2236.5,0.7,42,,,,,,
Rose wine de Piccini,1,13,28,28,18,543.84,0.33,11,,,13,алиготе,2017,4
Portwine de Martini,1,15,14,14,12,2490.0,1.5,56,,,6,каберне,2010,1
Dark beer de Miller,4,42,119,119,5,71.28,0.33,83,1,1,,,,
Average de Dom Perignon,2,23,35,35,15,1215.0,1.5,30,,,17,изабелла,1983,3
Cider de Efes,4,43,114,114,7,232.5,1.5,21,1,2,,,,
Sake de Asahi,3,39,100,100,40,2811,1,37,,,,,,
Red wine de Chateau Folonari,1,11,2,2,12,447.15,0.33,79,,,17,карменер,1991,4
Red wine de Campari,1,11,13,13,15,1335.0,0.75,91,,,7,рислинг,1991,2
Lambrusko de Louis Roederer,2,25,37,37,15,834.0,0.75,92,,,9,бьянка,2004,3
Dark beer de Старый Мельник,4,42,113,113,4,58.74,0.33,5,2,2,,,,
Red wine de Baglio di Pianetto,1,11,31,31,12,807.0,1.5,31,,,18,мерло,1992,3
Rose wine de Santeli,1,13,26,26,13,406.5,1.5,90,,,26,мерло,1984,4
Average de Taittinger,2,23,44,44,14,1325.25,0.75,20,,,10,бьянка,2002,3
Liquor de Amaretto,3,34,101,101,41,505.4,0.7,14,,,,,,
Red wine de Kvint,1,11,4,4,15,1221.0,0.75,24,,,2,каберне,2006,2
Dark beer de Tuborg,4,42,124,124,5,87.5,0.5,77,2,1,,,,
Vodka de Becherovka,3,35,74,74,42,3245,1,57,,,,,,
Lambrusko de Буржуа,2,25,52,52,18,3393.0,1.5,32,,,4,пино нуар,1980,3
Lambrusko de Лев Голицын,2,25,34,34,15,2775.0,1.5,88,,,12,шардоне,2002,1
Portwine de Marani,1,15,3,3,15,2604.0,1.5,6,,,16,алиготе,1988,4
Lambrusko de Буржуа,2,25,52,52,17,1998.0,1.5,15,,,19,рислинг,2001,3
Beer drink de Polonaise,4,44,121,121,5,149.0,0.5,70,1,1,,,,
Tequila de 1800 Tequila,3,36,87,87,44,1442,1,11,,,,,,
Sparkling wine de Буржуа,2,22,52,52,16,1117.5,1.5,12,,,20,карменер,1994,1
Gin de Brocker's,3,37,84,84,40,840.0,0.7,13,,,,,,
Dark beer de Tuborg,4,42,124,124,6,318.0,1.5,100,2,1,,,,
Lambrusko de Gosset,2,25,42,42,13,839.25,0.75,85,,,11,каберне,1981,3
Beer drink de Corona Extra,4,44,112,112,8,411.0,1.5,12,2,1,,,,
Liht beer de Bavaria,4,41,127,127,7,90.45,0.45,66,1,1,,,,
White wine de Gancia,1,12,18,18,17,408.87,0.33,24,,,7,совиньон блан,1986,2
Portwine de Lion Gri,1,15,16,16,12,152.13,0.33,70,,,8,изабелла,1988,2
Sparkling wine de Ruinart,2,22,40,40,14,1686.0,1.5,10,,,3,мускат,2001,4
Vodka de Русский стандарт,3,35,95,95,43,293.0,0.5,49,,,,,,
White wine de Alaverdi,1,12,15,15,18,1153.5,1.5,81,,,7,изабелла,2001,4
Dark beer de Hoegaarden,4,42,116,116,7,98.34,0.33,78,2,1,,,,
Red wine de Wine Man,1,11,11,11,13,2121.0,1.5,59,,,21,рислинг,2007,1
Beer drink de Жигулевское,4,44,111,111,5,113.5,0.5,47,1,2,,,,
Red wine de Piccini,1,11,28,28,16,769.56,0.33,38,,,13,рислинг,1992,1
Beer drink de Stella Artois,4,44,108,108,5,123.0,0.5,89,1,1,,,,
Tequila de Olmeca,3,36,77,77,42,744.1,0.7,71,,,,,,
Red wine de Chateau Preuillac,1,11,27,27,17,2094.0,1.5,25,,,17,бьянка,2006,2
Asti de Krug,2,24,54,54,12,174.75,0.75,33,,,6,пино нуар,2017,4
Dark beer de Harbin,4,42,129,129,8,345.0,1.5,49,2,1,,,,
Sake de Asahi,3,39,100,100,40,1071.5,0.5,65,,,,,,
Average de Deutz,2,23,38,38,12,249.81,0.33,80,,,24,изабелла,2003,1
White wine de Orovela,1,12,1,1,17,1677.75,0.75,67,,,2,каберне,2021,1
Beer drink de Tuborg,4,44,124,124,6,82.5,0.5,99,1,1,,,,
Champagne de Santo Stefano,2,21,41,41,15,1759.5,0.75,34,,,3,алиготе,2015,2
Cider de Efes,4,43,114,114,4,205.5,1.5,16,2,1,,,,
White wine de Pinot Grigio,1,12,29,29,16,3108.0,1.5,50,,,25,бастардо,1996,4
Dark beer de Jupiler,4,42,123,123,7,292.5,1.5,40,1,1,,,,
Lambrusko de Krug,2,25,54,54,13,513.0,1.5,86,,,22,пино нуар,1987,1
Lambrusko de Bollinger,2,25,33,33,16,558.03,0.33,62,,,8,изабелла,2007,3
Beer drink de Harbin,4,44,129,129,8,237.0,1.5,25,2,1,,,,
Dark beer de Garage,4,42,115,115,8,148.5,0.5,41,1,1,,,,
Cider de Старый Мельник,4,43,113,113,7,118.35,0.45,93,1,1,,,,
Beer drink de Stella Artois,4,44,108,108,4,51.0,0.5,19,1,1,,,,
Champagne de Gosset,2,21,42,42,18,198.66,0.33,90,,,7,бастардо,2010,4
Cider de Efes,4,43,114,114,8,70.5,0.5,85,1,1,,,,
Champagne de Chateau Tamagne,2,21,36,36,17,644.82,0.33,68,,,6,шардоне,1987,2
Asti de Лев Голицын,2,24,34,34,17,3735.0,1.5,23,,,7,мускат,1984,4
Tequila de Sierra,3,36,79,79,45,300.75,0.25,66,,,,,,
Champagne de Henriot,2,21,51,51,16,701.91,0.33,1,,,12,совиньон блан,1998,4
Red wine de Gancia,1,11,18,18,13,2053.5,1.5,24,,,8,каберне,2017,4
Portwine de Alaverdi,1,15,15,15,18,581.25,0.75,15,,,13,каберне,1985,3
Portwine de Fragolino,1,15,7,7,15,2802.0,1.5,91,,,6,бастардо,2017,4
Lambrusko de Taittinger,2,25,44,44,14,1253.25,0.75,54,,,23,мерло,2009,2
Vermouth de Sella & Mosca,1,14,19,19,17,1858.5,0.75,23,,,8,шардоне,1983,2
White wine de Piccini,1,12,28,28,17,1143.0,1.5,86,,,18,мерло,2020,4
Liht beer de Tuborg,4,41,124,124,5,86.5,0.5,35,2,2,,,,
Vodka de Becherovka,3,35,74,74,45,781.0,0.25,21,,,,,,
Lambrusko de Балаклава,2,25,47,47,12,2356.5,1.5,24,,,19,рислинг,1982,4
Cider de Corona Extra,4,43,112,112,8,110.7,0.45,71,2,1,,,,
Tequila de Olmeca,3,36,77,77,40,750.4,0.7,2,,,,,,
Portwine de Ricasoli,1,15,22,22,18,1021.5,0.75,20,,,23,бьянка,2004,3
White wine de Orovela,1,12,1,1,16,378.18,0.33,73,,,25,пино нуар,1989,4
Liquor de Cointreau,3,34,58,58,44,600.0,0.25,22,,,,,,
Portwine de Santeli,1,15,26,26,18,2662.5,1.5,58,,,5,бастардо,2006,1
Red wine de Gancia,1,11,18,18,15,648.12,0.33,36,,,8,рислинг,1986,3
Dark beer de Bitburger,4,42,130,130,8,303.0,1.5,85,2,2,,,,
Vodka de Smirnoff,3,35,68,68,42,510.75,0.25,82,,,,,,
Asti de Лев Голицын,2,24,34,34,18,835.5,1.5,68,,,12,бастардо,1992,4
Rose wine de Orovela,1,13,1,1,15,1281.75,0.75,93,,,2,шардоне,1980,3
Asti de Krug,2,24,54,54,15,1543.5,0.75,46,,,16,шардоне,2014,1
Vodka de Smirnoff,3,35,68,68,41,373.5,0.25,80,,,,,,
Lambrusko de Louis Roederer,2,25,37,37,12,3414.0,1.5,21,,,8,совиньон блан,2003,4
Beer drink de Балтика,4,44,106,106,6,61.71,0.33,91,1,1,,,,
Rose wine de Fragolino,1,13,7,7,14,820.05,0.33,2,,,19,мускат,1986,3
Champagne de Louis Roederer,2,21,37,37,14,520.41,0.33,41,,,1,шардоне,2003,3
Sake de Asahi,3,39,100,100,40,3982,1,52,,,,,,
Vermouth de Абрау-Дюрсо,1,14,32,32,16,426.03,0.33,80,,,21,пино нуар,2014,1
Asti de Балаклава,2,24,47,47,17,324.0,1.5,98,,,23,каберне,2006,2
Red wine de Chateau Folonari,1,11,2,2,17,3361.5,1.5,9,,,21,карменер,2014,3
Sparkling wine de Delamotte,2,22,48,48,17,289.08,0.33,68,,,14,мерло,2013,4
Tequila de Sierra,3,36,79,79,40,3486,1,63,,,,,,
White wine de Ruffino,1,12,25,25,16,135.3,0.33,20,,,2,мускат,2020,3
Portwine de Chateau Preuillac,1,15,27,27,12,405.75,0.75,39,,,14,совиньон блан,1997,3
Beer drink de Grimbergen,4,44,109,109,6,42.24,0.33,65,2,2,,,,
Lambrusko de Taittinger,2,25,44,44,12,1218.0,0.75,67,,,15,шардоне,1985,4
Champagne de Moet & Chandon,2,21,46,46,14,415.8,0.33,29,,,6,бастардо,2008,2
Rum de Malibu,3,31,70,70,44,662.5,0.25,90,,,,,,
Dark beer de Efes,4,42,114,114,4,64.0,0.5,35,2,1,,,,
Asti de Santo Stefano,2,24,41,41,13,1461.0,0.75,11,,,20,бьянка,2009,4
Liht beer de Lowenbrau,4,41,110,110,7,50.16,0.33,92,2,2,,,,
Sparkling wine de Louis Roederer,2,22,37,37,13,168.75,0.75,46,,,23,бастардо,1987,2
Cider de Polonaise,4,43,121,121,5,54.45,0.45,30,1,1,,,,
Dark beer de Старый Мельник,4,42,113,113,5,33.66,0.33,48,2,2,,,,
Red wine de Pinot Grigio,1,11,29,29,16,371.25,0.33,41,,,3,алиготе,2003,2
Cider de Garage,4,43,115,115,8,324.0,1.5,65,2,2,,,,
Portwine de Chateau Peyfaures,1,15,9,9,17,77.22,0.33,44,,,10,изабелла,1998,3
Average de Chateau Tamagne,2,23,36,36,13,113.85,0.33,50,,,9,пино нуар,2021,3
Dark beer de Крым,4,42,122,122,8,165.0,1.5,10,1,1,,,,
Vodka de Зеленая Марка,3,35,102,102,45,2429.7,0.7,13,,,,,,
Beer drink de Budweiser,4,44,131,131,4,74.25,0.33,84,1,2,,,,
White wine de Pinot Grigio,1,12,29,29,12,288.42,0.33,55,,,9,пино нуар,2002,3
Tequila de Sauza,3,36,93,93,41,389.5,0.5,2,,,,,,
Sake de Asahi,3,39,100,100,40,747.5,0.5,11,,,,,,
Sparkling wine de Moet & Chandon,2,22,46,46,15,2475.0,1.5,36,,,6,рислинг,2007,4
Rum de Havana Club,3,31,78,78,41,1105.5,0.5,16,,,,,,
Absinthe de Xenta,3,38,91,91,43,333.5,0.25,99,,,,,,
White wine de Gancia,1,12,18,18,17,152.25,0.75,60,,,8,карменер,2001,3
Cognac de Арарат,3,33,67,67,43,2338,1,28,,,,,,
Red wine de Alaverdi,1,11,15,15,17,1141.5,0.75,23,,,9,совиньон блан,2003,2
Dark beer de Garage,4,42,115,115,7,102.5,0.5,8,2,1,,,,
Whiskey de Citadelle,3,32,96,96,43,802.5,0.25,66,,,,,,
Beer drink de Budweiser,4,44,131,131,8,137.5,0.5,75,1,2,,,,
Cider de Stella Artois,4,43,108,108,4,78.0,0.5,34,1,1,,,,
Rum de Havana Club,3,31,78,78,45,477.0,0.5,57,,,,,,
Average de Золотая Балка,2,23,49,49,14,1854.0,0.75,48,,,21,карменер,2015,3
Average de Chateau Tamagne,2,23,36,36,13,465.96,0.33,97,,,4,карменер,2014,4
Sake de Asahi,3,39,100,100,41,1160.6,0.7,60,,,,,,
White wine de Bagrationi,1,12,12,12,12,2503.5,1.5,28,,,16,каберне,1988,4
Vermouth de Ricasoli,1,14,22,22,17,1327.5,0.75,30,,,20,каберне,1995,3
Liht beer de Polonaise,4,41,121,121,8,96.69,0.33,5,2,1,,,,
Vermouth de Chateau Peyfaures,1,14,9,9,13,549.0,0.75,39,,,14,пино нуар,1985,4
Asti de Chateau Tamagne,2,24,36,36,18,1032.0,1.5,26,,,3,изабелла,2015,1
White wine de Sogrape,1,12,10,10,15,330.0,0.75,49,,,1,шардоне,1999,3
Rose wine de Kindzmarauli,1,13,6,6,18,358.05,0.33,3,,,15,бьянка,2004,2
Absinthe de Hill's,3,38,83,83,41,2391.9,0.7,64,,,,,,
Asti de Bollinger,2,24,33,33,15,497.64,0.33,75,,,2,шардоне,2017,2
Average de Santo Stefano,2,23,41,41,13,2643.0,1.5,61,,,1,рислинг,2011,3
Average de Балаклава,2,23,47,47,16,80.52,0.33,95,,,2,бастардо,2010,2
Rose wine de Lion Gri,1,13,16,16,16,786.06,0.33,90,,,21,каберне,1994,2
Champagne de Moet & Chandon,2,21,46,46,13,243.54,0.33,72,,,27,шардоне,1989,2
Lambrusko de Советское Шампанское,2,25,53,53,17,3283.5,1.5,97,,,1,карменер,2021,4
Rum de Bacardi,3,31,81,81,45,395.0,0.25,71,,,,,,
Liht beer de Старый Мельник,4,41,113,113,5,214.5,1.5,43,1,2,,,,
Champagne de Золотая Балка,2,21,49,49,17,451.44,0.33,31,,,14,изабелла,1983,1
Liht beer de Corona Extra,4,41,112,112,8,111.15,0.45,55,2,2,,,,
Liht beer de Tuborg,4,41,124,124,4,125.5,0.5,29,2,2,,,,
Asti de Балаклава,2,24,47,47,14,301.95,0.33,80,,,6,алиготе,2014,3
Tequila de Olmeca,3,36,77,77,41,2718,1,93,,,,,,
Cider de Stella Artois,4,43,108,108,4,54.9,0.45,52,1,2,,,,
Average de Henriot,2,23,51,51,16,1936.5,1.5,52,,,25,рислинг,2012,1
Champagne de Chateau Tamagne,2,21,36,36,12,2161.5,1.5,54,,,22,мерло,2000,3
White wine de Chateau Preuillac,1,12,27,27,14,503.25,0.33,54,,,20,пино нуар,1991,3
Rum de Havana Club,3,31,78,78,40,1232,1,91,,,,,,
Vodka de Blagoff,3,35,92,92,44,777.7,0.7,45,,,,,,
Gin de Brocker's,3,37,84,84,40,220.0,0.25,11,,,,,,
Vermouth de Pinot Grigio,1,14,29,29,13,1557.0,1.5,7,,,10,шардоне,2015,1
Liht beer de Сибирская Корона,4,41,128,128,7,82.0,0.5,31,2,2,,,,
Champagne de Deutz,2,21,38,38,15,751.74,0.33,6,,,9,бьянка,1981,1
Rose wine de Ricasoli,1,13,22,22,15,655.71,0.33,58,,,22,алиготе,2010,1
Portwine de Marani,1,15,3,3,18,514.8,0.33,63,,,1,шардоне,1982,2
Cider de Efes,4,43,114,114,5,113.4,0.45,99,1,2,,,,
Portwine de Gancia,1,15,18,18,14,1173.0,1.5,85,,,15,карменер,1986,4
Dark beer de Старый Мельник,4,42,113,113,7,56.1,0.33,76,1,1,,,,
Average de Dom Perignon,2,23,35,35,12,1080.0,0.75,59,,,11,бьянка,2016,2
Sparkling wine de Буржуа,2,22,52,52,18,1192.5,1.5,29,,,23,алиготе,2008,1
White wine de Badagoni,1,12,5,5,17,1141.5,1.5,66,,,15,совиньон блан,1992,2
Red wine de Falesco,1,11,21,21,15,1617.0,0.75,67,,,9,совиньон блан,1986,1
Liht beer de Harbin,4,41,129,129,6,55.35,0.45,44,2,1,,,,
Sparkling wine de Советское Шампанское,2,22,53,53,13,282.15,0.33,63,,,20,мускат,1985,1
Lambrusko de Laurent-Perrier,2,25,45,45,17,414.15,0.33,42,,,13,пино нуар,2010,2
Beer drink de Peroni,4,44,125,125,4,412.5,1.5,97,1,2,,,,
Asti de Henriot,2,24,51,51,13,228.75,0.75,7,,,7,рислинг,2010,2
Cognac de Braastad,3,33,65,65,42,2301.6,0.7,17,,,,,,
White wine de Ruffino,1,12,25,25,16,220.5,0.75,27,,,19,мерло,2016,4
White wine de Chateau Preuillac,1,12,27,27,18,163.5,0.75,14,,,20,рислинг,1998,3
Rose wine de Fragolino,1,13,7,7,18,3547.5,1.5,13,,,20,пино нуар,1984,2
Cognac de Camus,3,33,98,98,45,986.75,0.25,78,,,,,,
Dark beer de Budweiser,4,42,131,131,8,51.81,0.33,82,2,1,,,,
Liht beer de Hoegaarden,4,41,116,116,8,53.55,0.45,93,1,1,,,,
Sake de Asahi,3,39,100,100,43,2662,1,84,,,,,,
Lambrusko de Laurent-Perrier,2,25,45,45,16,1930.5,1.5,42,,,19,бьянка,1988,3
Absinthe de Xenta,3,38,91,91,42,2007,1,45,,,,,,
Absinthe de Xenta,3,38,91,91,45,793.25,0.25,78,,,,,,
Sake de Asahi,3,39,100,100,40,1448.3,0.7,14,,,,,,
Champagne de Dom Perignon,2,21,35,35,15,1605.0,0.75,53,,,9,мускат,1981,4
Beer drink de Peroni,4,44,125,125,4,294.0,1.5,57,1,1,,,,
Beer drink de Балтика,4,44,106,106,5,119.0,0.5,91,2,1,,,,
White wine de Piccini,1,12,28,28,17,1485.75,0.75,80,,,27,карменер,1990,2
Sparkling wine de Советское Шампанское,2,22,53,53,14,1208.25,0.75,76,,,20,мерло,2000,2
Vodka de Зеленая Марка,3,35,102,102,43,915.0,0.5,46,,,,,,
Lambrusko de Santo Stefano,2,25,41,41,15,505.23,0.33,46,,,19,бастардо,1990,1
Dark beer de Старый Мельник,4,42,113,113,8,78.3,0.45,76,2,1,,,,
Portwine de Patriarche,1,15,30,30,15,779.79,0.33,28,,,21,мерло,1982,2
Absinthe de Xenta,3,38,91,91,45,537.5,0.5,99,,,,,,
Rose wine de Marani,1,13,3,3,18,2232.0,1.5,9,,,11,совиньон блан,2006,3
Portwine de Chateau Verou,1,15,23,23,16,746.25,0.75,99,,,20,мускат,2018,4
Dark beer de Carlsberg,4,42,120,120,4,91.8,0.45,22,2,1,,,,
Average de Балаклава,2,23,47,47,12,878.25,0.75,43,,,2,бьянка,1996,2
Liht beer de Peroni,4,41,125,125,8,228.0,1.5,97,2,1,,,,
Average de Chateau Tamagne,2,23,36,36,15,1695.0,1.5,24,,,20,алиготе,1994,3
Liht beer de Garage,4,41,115,115,8,390.0,1.5,5,2,2,,,,
Liht beer de Балтика,4,41,106,106,7,67.5,0.45,83,1,2,,,,
Average de Ruinart,2,23,40,40,17,1905.0,1.5,28,,,15,карменер,2012,1
Average de Советское Шампанское,2,23,53,53,18,1656.75,0.75,21,,,27,изабелла,1980,4
Rose wine de Gancia,1,13,18,18,17,1206.0,0.75,79,,,25,рислинг,1988,3
Portwine de Gancia,1,15,18,18,14,1789.5,1.5,77,,,26,карменер,2021,4
Portwine de Marani,1,15,3,3,12,3525.0,1.5,33,,,20,мускат,2020,4
Liht beer de Budweiser,4,41,131,131,4,79.0,0.5,45,1,2,,,,
Whiskey de Johnie Walker,3,32,85,85,43,760.25,0.25,36,,,,,,
Vermouth de Orovela,1,14,1,1,14,2395.5,1.5,52,,,3,шардоне,2003,1
Red wine de Badagoni,1,11,5,5,14,1316.25,0.75,82,,,26,карменер,2020,1
Cognac de Lucid,3,33,104,104,40,2079.7,0.7,39,,,,,,
Beer drink de Bavaria,4,44,127,127,8,54.0,0.5,40,1,2,,,,
Champagne de Krug,2,21,54,54,18,1972.5,1.5,61,,,10,рислинг,2017,4
Beer drink de Franziskaner,4,44,107,107,7,88.65,0.45,97,2,2,,,,
Sparkling wine de Dom Perignon,2,22,35,35,18,2385.0,1.5,54,,,25,пино нуар,1985,1
Liht beer de Peroni,4,41,125,125,7,141.0,0.5,19,2,2,,,,
Average de Буржуа,2,23,52,52,18,225.06,0.33,56,,,1,рислинг,2020,1
Liquor de Aperol,3,34,76,76,40,515.25,0.25,34,,,,,,
Lambrusko de Золотая Балка,2,25,49,49,12,1382.25,0.75,61,,,1,карменер,2000,3
Sake de Asahi,3,39,100,100,42,1591,1,38,,,,,,
Beer drink de Jupiler,4,44,123,123,5,84.15,0.33,59,2,2,,,,
Rose wine de Patriarche,1,13,30,30,13,669.57,0.33,20,,,10,мерло,2016,1
Absinthe de Hill's,3,38,83,83,45,3145,1,41,,,,,,
Rose wine de Campari,1,13,13,13,13,915.0,0.75,64,,,15,мускат,2004,2
Liht beer de Franziskaner,4,41,107,107,8,127.5,0.5,99,1,2,,,,
Portwine de Falesco,1,15,21,21,12,198.75,0.75,74,,,22,каберне,1990,2
Portwine de Lion Gri,1,15,16,16,14,3411.0,1.5,86,,,23,бьянка,1984,2
Champagne de Moet & Chandon,2,21,46,46,13,587.4,0.33,12,,,1,совиньон блан,2002,4
Portwine de Bagrationi,1,15,12,12,18,747.78,0.33,4,,,14,рислинг,2010,2
Vermouth de Martini,1,14,14,14,15,3673.5,1.5,40,,,13,мускат,2018,2
Beer drink de Stella Artois,4,44,108,108,8,83.5,0.5,98,2,2,,,,
Vodka de Absolut,3,35,97,97,43,581.5,0.5,85,,,,,,
Average de Dom Perignon,2,23,35,35,14,145.86,0.33,11,,,7,совиньон блан,2015,2
Liquor de Amaretto,3,34,101,101,42,539.25,0.25,29,,,,,,
Cider de Grimbergen,4,43,109,109,6,274.5,1.5,98,2,2,,,,
Sparkling wine de Laurent-Perrier,2,22,45,45,18,429.0,1.5,68,,,17,изабелла,2001,3
Asti de Dom Perignon,2,24,35,35,14,677.82,0.33,74,,,25,мерло,1994,1
White wine de Purcari,1,12,8,8,15,366.3,0.33,74,,,23,алиготе,2016,4
Rose wine de Marani,1,13,3,3,12,3091.5,1.5,26,,,15,шардоне,1986,4
Asti de Ruinart,2,24,40,40,14,773.19,0.33,76,,,25,мерло,1985,2
Absinthe de Xenta,3,38,91,91,45,221.5,0.5,36,,,,,,
Portwine de Santeli,1,15,26,26,15,453.0,0.75,71,,,26,карменер,1985,2
Vodka de Stolichnaya,3,35,105,105,43,2749.6,0.7,67,,,,,,
Vodka de Smirnoff,3,35,68,68,42,1012.2,0.7,54,,,,,,
Lambrusko de Лев Голицын,2,25,34,34,16,265.65,0.33,51,,,25,мускат,1982,2
Tequila de Olmeca,3,36,77,77,42,2861,1,22,,,,,,
Whiskey de Jameson,3,32,60,60,41,215.5,0.5,88,,,,,,
Liht beer de Carlsberg,4,41,120,120,4,137.5,0.5,42,2,2,,,,
Sparkling wine de Delamotte,2,22,48,48,12,1500.0,0.75,64,,,17,рислинг,1992,1
White wine de Cricova,1,12,24,24,16,2500.5,1.5,78,,,11,рислинг,1984,2
Asti de Santo Stefano,2,24,41,41,12,341.25,0.75,4,,,26,мускат,2011,1
Beer drink de Peroni,4,44,125,125,7,73.35,0.45,9,1,2,,,,
Absinthe de Xenta,3,38,91,91,43,1060,1,78,,,,,,
Sake de Asahi,3,39,100,100,40,2562.0,0.7,72,,,,,,
Rose wine de Piccini,1,13,28,28,17,1864.5,0.75,70,,,5,пино нуар,2002,3
Champagne de Henriot,2,21,51,51,12,385.77,0.33,25,,,25,рислинг,1989,1
Champagne de Ruinart,2,21,40,40,15,1269.0,1.5,53,,,3,мускат,2018,2
Liht beer de Amstel,4,41,118,118,6,80.85,0.33,25,1,2,,,,
Lambrusko de Moet & Chandon,2,25,46,46,15,1452.0,0.75,98,,,2,мерло,2015,1
Average de Krug,2,23,54,54,17,3205.5,1.5,48,,,22,алиготе,1992,3
Average de Louis Roederer,2,23,37,37,18,1810.5,1.5,49,,,16,каберне,2002,4
Rose wine de Kvint,1,13,4,4,17,66.0,0.33,73,,,2,алиготе,2006,1
Sparkling wine de Золотая Балка,2,22,49,49,14,1102.5,1.5,56,,,6,карменер,2017,4
Beer drink de Efes,4,44,114,114,5,86.85,0.45,93,2,2,,,,
Vermouth de Lion Gri,1,14,16,16,17,714.78,0.33,85,,,9,карменер,2018,1
Cider de ESSA,4,43,126,126,7,112.0,0.5,96,1,2,,,,
Tequila de Sauza,3,36,93,93,42,1369.9,0.7,94,,,,,,
Cider de Harbin,4,43,129,129,4,142.5,0.5,36,1,1,,,,
Cognac de Lucid,3,33,104,104,41,1722.5,0.5,98,,,,,,
Rum de Havana Club,3,31,78,78,41,387.25,0.25,71,,,,,,
Champagne de Krug,2,21,54,54,18,590.25,0.75,86,,,5,шардоне,1983,2
Lambrusko de Dom Perignon,2,25,35,35,16,2086.5,1.5,49,,,9,шардоне,1980,1
White wine de Bagrationi,1,12,12,12,14,1397.25,0.75,49,,,7,изабелла,1995,2
Gin de London Hill,3,37,89,89,45,3166,1,71,,,,,,
Cider de Efes,4,43,114,114,4,325.5,1.5,76,1,2,,,,
Rose wine de Falesco,1,13,21,21,17,540.75,0.75,85,,,7,шардоне,1986,4
Portwine de Массандра,1,15,20,20,15,237.75,0.75,54,,,11,каберне,2000,4
Champagne de Ruinart,2,21,40,40,13,1870.5,1.5,82,,,5,совиньон блан,2020,1
Dark beer de Bitburger,4,42,130,130,7,433.5,1.5,9,2,1,,,,
Red wine de Purcari,1,11,8,8,13,403.59,0.33,22,,,16,карменер,1998,1
Cider de Peroni,4,43,125,125,6,225.0,1.5,52,2,1,,,,
Asti de Лев Голицын,2,24,34,34,15,101.97,0.33,51,,,26,совиньон блан,2019,3
Lambrusko de Балаклава,2,25,47,47,15,2368.5,1.5,97,,,17,мускат,2018,2
Asti de Советское Шампанское,2,24,53,53,15,1453.5,1.5,96,,,2,мускат,2005,2
Dark beer de Bavaria,4,42,127,127,7,122.4,0.45,87,2,2,,,,
Portwine de Ruffino,1,15,25,25,14,1696.5,0.75,26,,,9,алиготе,2012,2
Average de Krug,2,23,54,54,18,1221.75,0.75,12,,,26,алиготе,2000,1
Dark beer de Сибирская Корона,4,42,128,128,7,95.37,0.33,48,1,1,,,,
Rum de Havana Club,3,31,78,78,44,354.5,0.25,27,,,,,,
Cider de Stella Artois,4,43,108,108,7,71.61,0.33,5,2,2,,,,
Lambrusko de Gosset,2,25,42,42,18,329.25,0.75,49,,,17,мерло,2012,1
White wine de Martini,1,12,14,14,18,337.5,0.75,47,,,27,совиньон блан,2016,1
Beer drink de Peroni,4,44,125,125,4,135.5,0.5,51,2,1,,,,
Portwine de Orovela,1,15,1,1,14,1014.0,1.5,50,,,19,мускат,2021,3
White wine de Campari,1,12,13,13,18,79.2,0.33,25,,,24,мускат,1991,3
Gin de Beefeater,3,37,61,61,45,1471,1,19,,,,,,
Champagne de Krug,2,21,54,54,17,3352.5,1.5,7,,,12,карменер,2009,3
Average de Krug,2,23,54,54,16,1710.75,0.75,44,,,5,пино нуар,2009,2
Rose wine de Chateau Preuillac,1,13,27,27,17,1426.5,1.5,8,,,6,мускат,1989,4
Lambrusko de Ruinart,2,25,40,40,13,209.55,0.33,73,,,22,алиготе,1981,1
Cider de Efes,4,43,114,114,4,103.5,0.5,13,2,1,,,,
Dark beer de Bitburger,4,42,130,130,4,90.0,0.5,58,1,2,,,,
Sparkling wine de Moet & Chandon,2,22,46,46,14,471.24,0.33,66,,,1,бастардо,2012,4
Sparkling wine de Moet & Chandon,2,22,46,46,13,1164.75,0.75,72,,,17,мускат,1996,2
Asti de Canti,2,24,39,39,16,2161.5,1.5,8,,,8,алиготе,2015,3
Whiskey de Chivas Regal,3,32,73,73,42,789.5,0.5,67,,,,,,
Champagne de Балаклава,2,21,47,47,16,372.9,0.33,97,,,18,алиготе,1982,1
Liht beer de Efes,4,41,114,114,4,36.3,0.33,54,1,2,,,,
Beer drink de Lowenbrau,4,44,110,110,4,417.0,1.5,90,1,1,,,,
Lambrusko de Золотая Балка,2,25,49,49,17,2779.5,1.5,9,,,24,совиньон блан,1980,4
Average de Louis Roederer,2,23,37,37,16,1719.0,0.75,82,,,10,мускат,2008,3
Champagne de Балаклава,2,21,47,47,13,231.75,0.75,9,,,10,алиготе,1997,3
Portwine de Baglio di Pianetto,1,15,31,31,15,417.12,0.33,43,,,23,карменер,1992,1
Asti de Лев Голицын,2,24,34,34,17,1860.75,0.75,70,,,27,изабелла,1980,2
Vermouth de Абрау-Дюрсо,1,14,32,32,13,1541.25,0.75,70,,,9,совиньон блан,1995,2
Cognac de Hennessy,3,33,56,56,45,784.0,0.7,7,,,,,,
Portwine de Lion Gri,1,15,16,16,18,1326.0,0.75,30,,,9,алиготе,1987,4
Red wine de Badagoni,1,11,5,5,16,2079.0,1.5,53,,,27,алиготе,1982,4
Red wine de Piccini,1,11,28,28,13,2907.0,1.5,80,,,19,карменер,1985,2
Liht beer de Балтика,4,41,106,106,7,95.4,0.45,84,2,1,,,,
White wine de Pinot Grigio,1,12,29,29,12,1518.0,1.5,34,,,24,шардоне,1997,3
Portwine de Sogrape,1,15,10,10,18,722.7,0.33,46,,,3,алиготе,1986,4
Vodka de Smirnoff,3,35,68,68,41,300.0,0.25,67,,,,,,
Dark beer de ESSA,4,42,126,126,5,52.0,0.5,34,1,1,,,,
Red wine de Ricasoli,1,11,22,22,14,2068.5,1.5,2,,,26,мускат,2010,3
Asti de Delamotte,2,24,48,48,17,821.25,0.75,24,,,20,алиготе,1990,2
Whiskey de Evan Williams,3,32,69,69,45,236.25,0.25,78,,,,,,
Rose wine de Chateau Peyfaures,1,13,9,9,16,601.59,0.33,36,,,5,каберне,2011,4
Rose wine de Piccini,1,13,28,28,15,664.62,0.33,35,,,11,бьянка,1985,4
Dark beer de Hoegaarden,4,42,116,116,4,312.0,1.5,22,1,1,,,,
Sake de Asahi,3,39,100,100,40,1302.7,0.7,4,,,,,,
Cider de Балтика,4,43,106,106,7,102.0,0.5,61,2,2,,,,
Asti de Krug,2,24,54,54,12,1130.25,0.75,55,,,21,шардоне,1989,3
