11,СЂРёСЃР»РёРЅРі,2011,3
32,Р±Р°СЃС‚Р°СЂРґРѕ,2016,2
19,РёР·Р°Р±РµР»Р»Р°,2010,4
5,Р°Р»РёРіРѕС‚Рµ,2017,1
5,РёР·Р°Р±РµР»Р»Р°,2012,3
29,РїРёРЅРѕ РЅСѓР°СЂ,2019,3
15,С€Р°СЂРґРѕРЅРµ,2015,4
16,СЂРёСЃР»РёРЅРі,2021,2
31,РјРµСЂР»Рѕ,2016,4
17,Р±Р°СЃС‚Р°СЂРґРѕ,2014,4
9,РјСѓСЃРєР°С‚,2019,3
29,С€Р°СЂРґРѕРЅРµ,2017,2
10,РјРµСЂР»Рѕ,2018,2
32,РєР°Р±РµСЂРЅРµ,2015,1
13,СЂРёСЃР»РёРЅРі,2010,4
32,РёР·Р°Р±РµР»Р»Р°,2018,2
22,РјРµСЂР»Рѕ,2013,1
26,РєР°СЂРјРµРЅРµСЂ,2010,4
12,РєР°СЂРјРµРЅРµСЂ,2016,3
20,СЃРѕРІРёРЅСЊРѕРЅ Р±Р»Р°РЅ,2021,1
5,СЃРѕРІРёРЅСЊРѕРЅ Р±Р»Р°РЅ,2013,2
29,СЂРёСЃР»РёРЅРі,2018,1
13,СЃРѕРІРёРЅСЊРѕРЅ Р±Р»Р°РЅ,2016,3
27,РёР·Р°Р±РµР»Р»Р°,2016,2
28,СЃРѕРІРёРЅСЊРѕРЅ Р±Р»Р°РЅ,2018,3
3,РјРµСЂР»Рѕ,2011,4
16,РїРёРЅРѕ РЅСѓР°СЂ,2015,2
27,РјРµСЂР»Рѕ,2014,1
3,РєР°СЂРјРµРЅРµСЂ,2017,3
19,СЂРёСЃР»РёРЅРі,2019,1
25,РјСѓСЃРєР°С‚,2021,3
3,РјСѓСЃРєР°С‚,2021,1
4,Р±Р°СЃС‚Р°СЂРґРѕ,2017,3
4,РёР·Р°Р±РµР»Р»Р°,2010,2
4,СЃРѕРІРёРЅСЊРѕРЅ Р±Р»Р°РЅ,2014,2
28,РїРёРЅРѕ РЅСѓР°СЂ,2013,2
22,РјСѓСЃРєР°С‚,2021,2
27,РєР°Р±РµСЂРЅРµ,2017,3
19,РїРёРЅРѕ РЅСѓР°СЂ,2015,2
14,Р°Р»РёРіРѕС‚Рµ,2013,2
1,РєР°Р±РµСЂРЅРµ,2016,3
31,РєР°Р±РµСЂРЅРµ,2016,1
20,РёР·Р°Р±РµР»Р»Р°,2016,3
17,СЂРёСЃР»РёРЅРі,2018,3
9,РєР°СЂРјРµРЅРµСЂ,2022,1
23,РєР°Р±РµСЂРЅРµ,2017,4
6,С€Р°СЂРґРѕРЅРµ,2018,3
23,Р±СЊСЏРЅРєР°,2020,4
26,РёР·Р°Р±РµР»Р»Р°,2022,3
28,Р±СЊСЏРЅРєР°,2013,1
30,С€Р°СЂРґРѕРЅРµ,2022,1
23,Р°Р»РёРіРѕС‚Рµ,2015,4
13,РёР·Р°Р±РµР»Р»Р°,2016,4
18,РјРµСЂР»Рѕ,2018,4
19,РїРёРЅРѕ РЅСѓР°СЂ,2012,2
30,Р±Р°СЃС‚Р°СЂРґРѕ,2020,3
2,РєР°Р±РµСЂРЅРµ,2011,2
30,РїРёРЅРѕ РЅСѓР°СЂ,2019,2
18,РјРµСЂР»Рѕ,2020,2
19,РєР°Р±РµСЂРЅРµ,2011,2
25,РєР°Р±РµСЂРЅРµ,2017,3
18,РїРёРЅРѕ РЅСѓР°СЂ,2019,3
13,Р±СЊСЏРЅРєР°,2011,1
21,РїРёРЅРѕ РЅСѓР°СЂ,2019,3
1,РјРµСЂР»Рѕ,2013,2
5,РєР°СЂРјРµРЅРµСЂ,2020,1
9,РєР°СЂРјРµРЅРµСЂ,2021,4
6,Р±Р°СЃС‚Р°СЂРґРѕ,2016,2
15,СЂРёСЃР»РёРЅРі,2012,4
29,РјСѓСЃРєР°С‚,2012,3
10,РјРµСЂР»Рѕ,2011,4
2,СЃРѕРІРёРЅСЊРѕРЅ Р±Р»Р°РЅ,2010,1
33,С€Р°СЂРґРѕРЅРµ,2020,4
17,Р°Р»РёРіРѕС‚Рµ,2014,4
28,Р±СЊСЏРЅРєР°,2012,4
4,Р±СЊСЏРЅРєР°,2011,3
26,РјСѓСЃРєР°С‚,2015,4
31,Р±СЊСЏРЅРєР°,2020,1
18,Р°Р»РёРіРѕС‚Рµ,2015,4
26,РјРµСЂР»Рѕ,2012,4
5,Р±СЊСЏРЅРєР°,2012,3
31,С€Р°СЂРґРѕРЅРµ,2017,2
23,РєР°Р±РµСЂРЅРµ,2012,2
25,РєР°Р±РµСЂРЅРµ,2022,3
11,РїРёРЅРѕ РЅСѓР°СЂ,2022,3
12,Р±Р°СЃС‚Р°СЂРґРѕ,2014,2
5,РєР°СЂРјРµРЅРµСЂ,2016,1
4,Р±Р°СЃС‚Р°СЂРґРѕ,2018,4
2,РєР°Р±РµСЂРЅРµ,2017,4
21,РјСѓСЃРєР°С‚,2014,1
24,Р±СЊСЏРЅРєР°,2019,3
20,РєР°СЂРјРµРЅРµСЂ,2016,2
33,РјСѓСЃРєР°С‚,2019,3
21,С€Р°СЂРґРѕРЅРµ,2022,1
11,РєР°Р±РµСЂРЅРµ,2013,2
26,РїРёРЅРѕ РЅСѓР°СЂ,2022,4
23,СЃРѕРІРёРЅСЊРѕРЅ Р±Р»Р°РЅ,2022,4
6,СЂРёСЃР»РёРЅРі,2021,2
20,РјСѓСЃРєР°С‚,2022,4
23,РєР°Р±РµСЂРЅРµ,2011,2
24,РїРёРЅРѕ РЅСѓР°СЂ,2017,1
3,РёР·Р°Р±РµР»Р»Р°,2013,4
2,СЃРѕРІРёРЅСЊРѕРЅ Р±Р»Р°РЅ,2011,3
26,Р±Р°СЃС‚Р°СЂРґРѕ,2016,4
30,РєР°Р±РµСЂРЅРµ,2020,2
3,РєР°СЂРјРµРЅРµСЂ,2015,1
1,РєР°Р±РµСЂРЅРµ,2016,2
30,РјСѓСЃРєР°С‚,2012,4
10,СЂРёСЃР»РёРЅРі,2019,4
7,СЃРѕРІРёРЅСЊРѕРЅ Р±Р»Р°РЅ,2019,3
33,РјРµСЂР»Рѕ,2014,3
26,С€Р°СЂРґРѕРЅРµ,2022,2
23,СЃРѕРІРёРЅСЊРѕРЅ Р±Р»Р°РЅ,2014,1
33,Р±СЊСЏРЅРєР°,2019,3
26,РёР·Р°Р±РµР»Р»Р°,2018,1
6,СЃРѕРІРёРЅСЊРѕРЅ Р±Р»Р°РЅ,2013,3
20,РјСѓСЃРєР°С‚,2016,2
22,Р±Р°СЃС‚Р°СЂРґРѕ,2013,4
27,РјРµСЂР»Рѕ,2020,2
3,РїРёРЅРѕ РЅСѓР°СЂ,2021,1
33,Р±СЊСЏРЅРєР°,2013,4
31,РєР°Р±РµСЂРЅРµ,2017,3
28,РїРёРЅРѕ РЅСѓР°СЂ,2013,1
33,РёР·Р°Р±РµР»Р»Р°,2015,1
6,РёР·Р°Р±РµР»Р»Р°,2012,3
27,РїРёРЅРѕ РЅСѓР°СЂ,2015,4
11,РјСѓСЃРєР°С‚,2016,2
29,РјРµСЂР»Рѕ,2014,3
11,РјСѓСЃРєР°С‚,2012,2
16,РјСѓСЃРєР°С‚,2019,4
28,Р°Р»РёРіРѕС‚Рµ,2010,3
7,Р±СЊСЏРЅРєР°,2014,1
15,СЂРёСЃР»РёРЅРі,2017,3
9,РјРµСЂР»Рѕ,2011,3
17,РєР°Р±РµСЂРЅРµ,2021,3
15,Р±СЊСЏРЅРєР°,2018,1
27,РёР·Р°Р±РµР»Р»Р°,2018,2
7,Р±Р°СЃС‚Р°СЂРґРѕ,2019,1
17,РєР°СЂРјРµРЅРµСЂ,2015,2
19,РјСѓСЃРєР°С‚,2010,1
33,Р±СЊСЏРЅРєР°,2021,1
9,РєР°Р±РµСЂРЅРµ,2013,3
32,С€Р°СЂРґРѕРЅРµ,2021,4
20,СЃРѕРІРёРЅСЊРѕРЅ Р±Р»Р°РЅ,2018,1
6,РєР°СЂРјРµРЅРµСЂ,2011,2
30,С€Р°СЂРґРѕРЅРµ,2014,2
29,РёР·Р°Р±РµР»Р»Р°,2018,3
26,РёР·Р°Р±РµР»Р»Р°,2022,1
12,Р°Р»РёРіРѕС‚Рµ,2019,4
26,Р°Р»РёРіРѕС‚Рµ,2022,2
20,РјСѓСЃРєР°С‚,2019,4
26,РјСѓСЃРєР°С‚,2020,2
10,РїРёРЅРѕ РЅСѓР°СЂ,2011,1
16,С€Р°СЂРґРѕРЅРµ,2012,1
13,РєР°Р±РµСЂРЅРµ,2022,4
31,РёР·Р°Р±РµР»Р»Р°,2015,4
13,РјРµСЂР»Рѕ,2020,2
26,РјСѓСЃРєР°С‚,2015,3
31,РєР°СЂРјРµРЅРµСЂ,2019,3
19,РєР°Р±РµСЂРЅРµ,2021,2
32,РїРёРЅРѕ РЅСѓР°СЂ,2017,4
30,РєР°Р±РµСЂРЅРµ,2014,4
10,РїРёРЅРѕ РЅСѓР°СЂ,2014,4
26,РєР°СЂРјРµРЅРµСЂ,2022,4
5,СЂРёСЃР»РёРЅРі,2019,2
14,РєР°СЂРјРµРЅРµСЂ,2020,2
32,Р°Р»РёРіРѕС‚Рµ,2019,2
3,С€Р°СЂРґРѕРЅРµ,2010,3
30,РёР·Р°Р±РµР»Р»Р°,2012,4
33,РјРµСЂР»Рѕ,2014,1
18,СЃРѕРІРёРЅСЊРѕРЅ Р±Р»Р°РЅ,2019,2
20,РјСѓСЃРєР°С‚,2010,3
19,РјСѓСЃРєР°С‚,2016,4
32,Р±Р°СЃС‚Р°СЂРґРѕ,2019,1
18,Р°Р»РёРіРѕС‚Рµ,2015,1
16,РёР·Р°Р±РµР»Р»Р°,2017,1
13,С€Р°СЂРґРѕРЅРµ,2020,3
31,РјСѓСЃРєР°С‚,2019,4
25,СЃРѕРІРёРЅСЊРѕРЅ Р±Р»Р°РЅ,2014,4
17,РїРёРЅРѕ РЅСѓР°СЂ,2020,2
22,СЂРёСЃР»РёРЅРі,2012,1
30,РёР·Р°Р±РµР»Р»Р°,2015,3
6,РјСѓСЃРєР°С‚,2014,2
25,С€Р°СЂРґРѕРЅРµ,2022,4
24,РёР·Р°Р±РµР»Р»Р°,2017,1
14,РєР°СЂРјРµРЅРµСЂ,2019,2
7,Р±СЊСЏРЅРєР°,2017,1
23,СЃРѕРІРёРЅСЊРѕРЅ Р±Р»Р°РЅ,2020,4
16,РјСѓСЃРєР°С‚,2020,1
21,РјСѓСЃРєР°С‚,2012,3
19,Р±Р°СЃС‚Р°СЂРґРѕ,2015,1
17,РјРµСЂР»Рѕ,2011,1
28,Р±Р°СЃС‚Р°СЂРґРѕ,2010,2
14,РєР°СЂРјРµРЅРµСЂ,2012,3
4,С€Р°СЂРґРѕРЅРµ,2014,2
30,РєР°СЂРјРµРЅРµСЂ,2022,4
5,Р°Р»РёРіРѕС‚Рµ,2022,1
29,РїРёРЅРѕ РЅСѓР°СЂ,2020,3
16,РёР·Р°Р±РµР»Р»Р°,2020,2
1,РєР°Р±РµСЂРЅРµ,2011,3
2,РјСѓСЃРєР°С‚,2020,4
17,РєР°Р±РµСЂРЅРµ,2022,2
31,Р±Р°СЃС‚Р°СЂРґРѕ,2010,4
2,Р±Р°СЃС‚Р°СЂРґРѕ,2012,3
26,С€Р°СЂРґРѕРЅРµ,2017,1
15,РјСѓСЃРєР°С‚,2013,4
6,РїРёРЅРѕ РЅСѓР°СЂ,2021,4
3,РјСѓСЃРєР°С‚,2021,2
23,С€Р°СЂРґРѕРЅРµ,2022,1
11,РјСѓСЃРєР°С‚,2019,1
1,РєР°Р±РµСЂРЅРµ,2015,2
19,РјСѓСЃРєР°С‚,2018,3
23,СЃРѕРІРёРЅСЊРѕРЅ Р±Р»Р°РЅ,2011,1
31,Р°Р»РёРіРѕС‚Рµ,2016,1
19,Р°Р»РёРіРѕС‚Рµ,2015,2
4,РёР·Р°Р±РµР»Р»Р°,2010,1
2,Р±СЊСЏРЅРєР°,2020,1
22,РєР°СЂРјРµРЅРµСЂ,2012,4
13,Р±Р°СЃС‚Р°СЂРґРѕ,2021,2
29,РјРµСЂР»Рѕ,2010,3
33,Р±СЊСЏРЅРєР°,2020,2
28,Р°Р»РёРіРѕС‚Рµ,2015,1
17,Р±СЊСЏРЅРєР°,2016,3
8,Р°Р»РёРіРѕС‚Рµ,2018,2
11,РєР°СЂРјРµРЅРµСЂ,2021,2
7,РёР·Р°Р±РµР»Р»Р°,2017,1
10,РёР·Р°Р±РµР»Р»Р°,2011,2
4,СЃРѕРІРёРЅСЊРѕРЅ Р±Р»Р°РЅ,2012,4
6,Р±Р°СЃС‚Р°СЂРґРѕ,2016,3
2,Р±СЊСЏРЅРєР°,2022,3
19,РєР°СЂРјРµРЅРµСЂ,2021,4
18,РёР·Р°Р±РµР»Р»Р°,2016,1
19,РјРµСЂР»Рѕ,2018,1
18,СЂРёСЃР»РёРЅРі,2017,2
12,СЂРёСЃР»РёРЅРі,2013,1
33,РєР°Р±РµСЂРЅРµ,2022,3
14,СЃРѕРІРёРЅСЊРѕРЅ Р±Р»Р°РЅ,2013,4
12,РєР°СЂРјРµРЅРµСЂ,2011,1
7,СЃРѕРІРёРЅСЊРѕРЅ Р±Р»Р°РЅ,2015,2
27,РјРµСЂР»Рѕ,2016,2
6,Р±СЊСЏРЅРєР°,2010,1
22,С€Р°СЂРґРѕРЅРµ,2015,4
32,РїРёРЅРѕ РЅСѓР°СЂ,2021,2
4,РєР°Р±РµСЂРЅРµ,2018,1
29,Р±Р°СЃС‚Р°СЂРґРѕ,2017,1
21,РєР°СЂРјРµРЅРµСЂ,2021,1
17,Р±Р°СЃС‚Р°СЂРґРѕ,2015,2
13,СЃРѕРІРёРЅСЊРѕРЅ Р±Р»Р°РЅ,2012,4
23,С€Р°СЂРґРѕРЅРµ,2012,4
27,РєР°Р±РµСЂРЅРµ,2013,1
27,Р°Р»РёРіРѕС‚Рµ,2022,3
10,РёР·Р°Р±РµР»Р»Р°,2010,3
17,СЃРѕРІРёРЅСЊРѕРЅ Р±Р»Р°РЅ,2015,4
12,РјРµСЂР»Рѕ,2010,4
13,РєР°Р±РµСЂРЅРµ,2022,4
24,РјРµСЂР»Рѕ,2016,1
21,РёР·Р°Р±РµР»Р»Р°,2020,3
21,СЂРёСЃР»РёРЅРі,2022,2
19,СЂРёСЃР»РёРЅРі,2015,2
13,РїРёРЅРѕ РЅСѓР°СЂ,2012,1
20,РєР°Р±РµСЂРЅРµ,2017,4
26,С€Р°СЂРґРѕРЅРµ,2018,1
9,РїРёРЅРѕ РЅСѓР°СЂ,2022,2
10,СЃРѕРІРёРЅСЊРѕРЅ Р±Р»Р°РЅ,2017,2
22,СЂРёСЃР»РёРЅРі,2016,3
26,Р±СЊСЏРЅРєР°,2022,4
26,Р°Р»РёРіРѕС‚Рµ,2014,2
5,РјРµСЂР»Рѕ,2022,1
13,СЃРѕРІРёРЅСЊРѕРЅ Р±Р»Р°РЅ,2018,1
28,РїРёРЅРѕ РЅСѓР°СЂ,2020,3
19,Р±Р°СЃС‚Р°СЂРґРѕ,2020,4
27,Р±СЊСЏРЅРєР°,2018,1
30,СЃРѕРІРёРЅСЊРѕРЅ Р±Р»Р°РЅ,2010,1
10,С€Р°СЂРґРѕРЅРµ,2014,4
30,РїРёРЅРѕ РЅСѓР°СЂ,2014,1
14,Р°Р»РёРіРѕС‚Рµ,2020,3
11,Р±Р°СЃС‚Р°СЂРґРѕ,2021,3
15,СЃРѕРІРёРЅСЊРѕРЅ Р±Р»Р°РЅ,2020,3
26,РјРµСЂР»Рѕ,2014,4
31,С€Р°СЂРґРѕРЅРµ,2014,3
19,Р±Р°СЃС‚Р°СЂРґРѕ,2012,3
29,РјСѓСЃРєР°С‚,2015,3
5,РёР·Р°Р±РµР»Р»Р°,2021,4
7,Р±СЊСЏРЅРєР°,2021,1
27,РјСѓСЃРєР°С‚,2016,3
16,Р±Р°СЃС‚Р°СЂРґРѕ,2017,3
9,РєР°Р±РµСЂРЅРµ,2022,1
29,С€Р°СЂРґРѕРЅРµ,2017,3
24,СЂРёСЃР»РёРЅРі,2018,2
22,РєР°СЂРјРµРЅРµСЂ,2015,1
13,С€Р°СЂРґРѕРЅРµ,2016,2
18,СЃРѕРІРёРЅСЊРѕРЅ Р±Р»Р°РЅ,2021,1
21,СЂРёСЃР»РёРЅРі,2022,1
24,РёР·Р°Р±РµР»Р»Р°,2015,4
26,СЂРёСЃР»РёРЅРі,2016,3
32,РїРёРЅРѕ РЅСѓР°СЂ,2019,3
21,Р±СЊСЏРЅРєР°,2011,2
5,РјРµСЂР»Рѕ,2014,1
20,РєР°СЂРјРµРЅРµСЂ,2015,4
28,Р°Р»РёРіРѕС‚Рµ,2011,1
