Portwine de Martini,1,15,14,14,13,849.0,1.5,58,,,15,изабелла,2007,3
Average de Mondoro,2,23,50,50,13,781.5,1.5,64,,,19,карменер,2004,1
Sake de Asahi,3,39,100,100,42,293.0,0.5,13,,,,,,
Liht beer de Polonaise,4,41,121,121,5,64.02,0.33,71,2,1,,,,
Vermouth de Fragolino,1,14,7,7,13,1588.5,0.75,73,,,10,бьянка,2003,1
Lambrusko de Chateau Tamagne,2,25,36,36,18,3466.5,1.5,46,,,25,бастардо,2010,1
Rum de Havana Club,3,31,78,78,42,1914,1,46,,,,,,
Whiskey de Jim Beam,3,32,94,94,40,3270,1,30,,,,,,
Portwine de Ricasoli,1,15,22,22,13,1938.0,1.5,89,,,25,мускат,2005,4
Cognac de Courvoisier,3,33,75,75,43,1824.9,0.7,71,,,,,,
Vermouth de Falesco,1,14,21,21,12,621.75,0.75,72,,,21,алиготе,2021,2
Absinthe de Tunel,3,38,80,80,43,898.5,0.25,70,,,,,,
White wine de Kvint,1,12,4,4,16,618.42,0.33,91,,,20,изабелла,2000,2
Red wine de Chateau Folonari,1,11,2,2,16,1510.5,0.75,52,,,12,бьянка,1998,4
Dark beer de Corona Extra,4,42,112,112,6,89.1,0.33,66,1,2,,,,
Tequila de Sierra,3,36,79,79,42,2077.6,0.7,29,,,,,,
Dark beer de Grimbergen,4,42,109,109,6,114.0,0.5,85,1,2,,,,
Whiskey de Jack Daniel's,3,32,64,64,43,1733.2,0.7,74,,,,,,
Portwine de Bagrationi,1,15,12,12,18,2040.0,1.5,53,,,16,шардоне,1996,4
Liht beer de Сибирская Корона,4,41,128,128,5,129.0,0.5,21,1,2,,,,
Liht beer de Budweiser,4,41,131,131,8,64.68,0.33,10,1,1,,,,
White wine de Gancia,1,12,18,18,13,2334.0,1.5,62,,,13,рислинг,2005,4
Absinthe de Xenta,3,38,91,91,44,626.0,0.25,45,,,,,,
Whiskey de Jim Beam,3,32,94,94,45,491,1,8,,,,,,
Average de Henriot,2,23,51,51,13,1857.0,1.5,33,,,6,каберне,1992,4
Cognac de Braastad,3,33,65,65,43,2494.8,0.7,18,,,,,,
Champagne de Canti,2,21,39,39,12,170.28,0.33,43,,,19,карменер,2013,4
Asti de Taittinger,2,24,44,44,17,276.0,0.75,84,,,18,бастардо,2015,2
Vodka de Blagoff,3,35,92,92,45,1037.4,0.7,35,,,,,,
Champagne de Delamotte,2,21,48,48,13,290.73,0.33,28,,,14,бьянка,2002,1
Dark beer de Franziskaner,4,42,107,107,8,118.8,0.45,79,1,1,,,,
Red wine de Fragolino,1,11,7,7,14,274.23,0.33,29,,,3,алиготе,2019,1
Average de Louis Roederer,2,23,37,37,16,511.5,0.33,2,,,23,карменер,2013,1
Tequila de Sierra,3,36,79,79,43,1607.5,0.5,34,,,,,,
Beer drink de ESSA,4,44,126,126,4,77.88,0.33,44,2,1,,,,
Portwine de Orovela,1,15,1,1,18,1822.5,0.75,79,,,27,шардоне,1990,2
Liquor de Cointreau,3,34,58,58,40,423.5,0.25,55,,,,,,
Rum de Havana Club,3,31,78,78,41,790.75,0.25,27,,,,,,
Rum de Malibu,3,31,70,70,40,2461.2,0.7,68,,,,,,
Sake de Asahi,3,39,100,100,40,954.1,0.7,12,,,,,,
Liht beer de Жигулевское,4,41,111,111,8,90.0,0.5,62,1,1,,,,
Sparkling wine de Louis Roederer,2,22,37,37,16,1075.5,0.75,84,,,22,бастардо,1998,2
Liquor de Patron,3,34,82,82,41,1883.5,0.5,48,,,,,,
Vodka de Smirnoff,3,35,68,68,44,568.0,0.5,56,,,,,,
Portwine de Абрау-Дюрсо,1,15,32,32,16,534.75,0.75,45,,,5,алиготе,1992,2
Red wine de Pinot Grigio,1,11,29,29,18,2637.0,1.5,52,,,25,алиготе,1984,3
Absinthe de Hill's,3,38,83,83,44,2752.4,0.7,79,,,,,,
White wine de Ricasoli,1,12,22,22,12,539.25,0.75,13,,,13,изабелла,2007,4
Absinthe de Xenta,3,38,91,91,41,3924,1,53,,,,,,
Beer drink de Polonaise,4,44,121,121,6,69.96,0.33,78,2,1,,,,
Vodka de Зеленая Марка,3,35,102,102,40,1897.5,0.5,48,,,,,,
Dark beer de Efes,4,42,114,114,7,367.5,1.5,86,1,1,,,,
Gin de Bombay,3,37,99,99,42,308.25,0.25,27,,,,,,
Cognac de Hennessy,3,33,56,56,40,2095.8,0.7,44,,,,,,
Cognac de Courvoisier,3,33,75,75,43,2688.0,0.7,8,,,,,,
Lambrusko de Ruinart,2,25,40,40,12,446.16,0.33,91,,,4,мерло,2005,3
Absinthe de Hill's,3,38,83,83,43,540.4,0.7,81,,,,,,
Average de Балаклава,2,23,47,47,12,822.75,0.75,7,,,8,мерло,2002,4
Cider de Старый Мельник,4,43,113,113,4,93.39,0.33,57,1,2,,,,
Cognac de Camus,3,33,98,98,42,1784.0,0.5,46,,,,,,
Sparkling wine de Henriot,2,22,51,51,12,408.0,0.75,66,,,10,мерло,2000,1
Whiskey de Evan Williams,3,32,69,69,43,899,1,31,,,,,,
Sake de Asahi,3,39,100,100,41,2535,1,6,,,,,,
Dark beer de Harbin,4,42,129,129,5,86.46,0.33,15,2,1,,,,
Sake de Asahi,3,39,100,100,41,444.5,0.7,82,,,,,,
Sparkling wine de Балаклава,2,22,47,47,15,322.5,1.5,56,,,9,шардоне,1996,1
Lambrusko de Ruinart,2,25,40,40,16,2482.5,1.5,73,,,12,бастардо,2019,1
Vermouth de Абрау-Дюрсо,1,14,32,32,16,147.51,0.33,62,,,25,рислинг,1990,4
White wine de Ruffino,1,12,25,25,17,725.34,0.33,68,,,10,алиготе,1982,4
Sparkling wine de Henriot,2,22,51,51,12,972.0,0.75,79,,,25,бьянка,2001,3
Liht beer de Polonaise,4,41,121,121,5,104.85,0.45,85,2,2,,,,
Lambrusko de Chateau Tamagne,2,25,36,36,13,475.2,0.33,62,,,9,бьянка,2009,2
Cognac de Коктебель,3,33,86,86,44,712.25,0.25,97,,,,,,
Asti de Delamotte,2,24,48,48,16,1045.5,0.75,8,,,7,каберне,1998,1
White wine de Kindzmarauli,1,12,6,6,18,776.82,0.33,47,,,14,мерло,2012,2
Absinthe de Tunel,3,38,80,80,41,2372,1,9,,,,,,
Whiskey de Jim Beam,3,32,94,94,42,1240.4,0.7,90,,,,,,
Vermouth de Kindzmarauli,1,14,6,6,12,2833.5,1.5,25,,,24,бьянка,1989,2
Champagne de Delamotte,2,21,48,48,16,159.06,0.33,22,,,12,рислинг,1988,1
Rum de Havana Club,3,31,78,78,41,491,1,5,,,,,,
Vodka de Belvedere,3,35,59,59,43,796.0,0.5,99,,,,,,
White wine de Kindzmarauli,1,12,6,6,17,747.12,0.33,77,,,23,бастардо,1980,3
Sparkling wine de Dom Perignon,2,22,35,35,13,724.68,0.33,12,,,7,мускат,2001,2
White wine de Lion Gri,1,12,16,16,15,1435.5,1.5,14,,,15,совиньон блан,2004,3
Tequila de 1800 Tequila,3,36,87,87,42,3690,1,47,,,,,,
Cognac de Арарат,3,33,67,67,43,1253.5,0.5,71,,,,,,
Whiskey de Citadelle,3,32,96,96,45,1224.5,0.5,53,,,,,,
Champagne de Deutz,2,21,38,38,14,1018.5,0.75,73,,,25,рислинг,2018,3
Tequila de Sauza,3,36,93,93,42,298.2,0.7,12,,,,,,
Red wine de Pinot Grigio,1,11,29,29,17,155.1,0.33,50,,,11,каберне,2018,4
Cider de Franziskaner,4,43,107,107,7,213.0,1.5,96,2,1,,,,
Rose wine de Chateau Peyfaures,1,13,9,9,12,538.5,1.5,62,,,22,мерло,2014,1
Sparkling wine de Chateau Tamagne,2,22,36,36,16,1761.75,0.75,59,,,14,изабелла,2018,3
Portwine de Purcari,1,15,8,8,18,773.85,0.33,89,,,8,каберне,1983,4
Liht beer de Hoegaarden,4,41,116,116,7,93.0,0.5,20,2,2,,,,
Asti de Chateau Tamagne,2,24,36,36,14,3160.5,1.5,29,,,21,алиготе,2021,3
Vermouth de Chateau Peyfaures,1,14,9,9,12,1262.25,0.75,96,,,18,совиньон блан,1985,2
White wine de Gancia,1,12,18,18,14,712.8,0.33,91,,,18,изабелла,1996,4
Tequila de Sierra,3,36,79,79,42,670.75,0.25,73,,,,,,
Cider de Amstel,4,43,118,118,6,62.5,0.5,50,2,1,,,,
Vodka de Finlandia,3,35,71,71,44,856.5,0.25,30,,,,,,
White wine de Badagoni,1,12,5,5,16,514.8,0.33,5,,,17,бастардо,1993,2
Whiskey de Famous Grouse,3,32,62,62,41,2144,1,74,,,,,,
Asti de Santo Stefano,2,24,41,41,14,187.11,0.33,2,,,11,рислинг,2019,4
Rose wine de Lion Gri,1,13,16,16,14,476.19,0.33,72,,,20,каберне,1988,2
Tequila de Sierra,3,36,79,79,45,703.25,0.25,97,,,,,,
Dark beer de Franziskaner,4,42,107,107,7,48.15,0.45,84,1,1,,,,
Champagne de Delamotte,2,21,48,48,14,793.65,0.33,39,,,18,мерло,1991,1
White wine de Абрау-Дюрсо,1,12,32,32,17,626.01,0.33,72,,,23,мерло,2013,3
Cognac de Коктебель,3,33,86,86,45,832.25,0.25,20,,,,,,
Champagne de Золотая Балка,2,21,49,49,12,2604.0,1.5,55,,,24,бьянка,1984,4
Beer drink de Bavaria,4,44,127,127,7,90.45,0.45,62,2,2,,,,
Beer drink de Carlsberg,4,44,120,120,8,166.5,1.5,74,2,1,,,,
Beer drink de Peroni,4,44,125,125,7,85.5,0.45,25,1,2,,,,
Average de Canti,2,23,39,39,13,423.72,0.33,4,,,16,рислинг,2016,1
Liht beer de Jupiler,4,41,123,123,8,38.61,0.33,86,2,2,,,,
Lambrusko de Bollinger,2,25,33,33,16,622.5,0.75,26,,,3,мускат,1998,1
Beer drink de Harbin,4,44,129,129,7,89.43,0.33,48,2,1,,,,
Absinthe de Hill's,3,38,83,83,42,533,1,16,,,,,,
Vermouth de Ricasoli,1,14,22,22,18,2437.5,1.5,100,,,25,рислинг,1986,2
Dark beer de Jupiler,4,42,123,123,5,103.5,0.45,2,2,2,,,,
Champagne de Deutz,2,21,38,38,16,1503.0,0.75,50,,,19,изабелла,2015,2
Rum de Malibu,3,31,70,70,45,714.0,0.7,78,,,,,,
Absinthe de Tunel,3,38,80,80,41,1676.5,0.7,11,,,,,,
White wine de Orovela,1,12,1,1,16,769.89,0.33,39,,,25,карменер,2015,2
Vodka de Belvedere,3,35,59,59,41,730.0,0.5,9,,,,,,
Tequila de Olmeca,3,36,77,77,43,1879.5,0.5,56,,,,,,
Vermouth de Gancia,1,14,18,18,18,1047.75,0.75,99,,,9,мерло,2016,3
Asti de Советское Шампанское,2,24,53,53,16,693.99,0.33,10,,,2,рислинг,1996,1
Liht beer de Franziskaner,4,41,107,107,5,331.5,1.5,67,1,1,,,,
Liht beer de Bavaria,4,41,127,127,7,129.6,0.45,74,2,1,,,,
Rose wine de Chateau Verou,1,13,23,23,18,405.0,1.5,86,,,26,пино нуар,1989,3
Liht beer de Балтика,4,41,106,106,7,112.05,0.45,27,1,2,,,,
Vermouth de Ricasoli,1,14,22,22,12,810.0,0.75,10,,,23,бьянка,1995,3
Portwine de Patriarche,1,15,30,30,16,704.55,0.33,22,,,13,шардоне,2018,1
Cognac de Martel,3,33,55,55,43,864.25,0.25,81,,,,,,
Cognac de Braastad,3,33,65,65,40,114.5,0.25,21,,,,,,
Cider de Jupiler,4,43,123,123,8,406.5,1.5,77,1,1,,,,
Champagne de Буржуа,2,21,52,52,17,370.5,0.75,26,,,22,шардоне,1997,1
Cognac de Martel,3,33,55,55,40,851.25,0.25,100,,,,,,
Cognac de Braastad,3,33,65,65,41,2620.8,0.7,94,,,,,,
Red wine de Sella & Mosca,1,11,19,19,12,317.25,0.75,26,,,27,рислинг,2019,3
Beer drink de Amstel,4,44,118,118,5,97.5,0.5,80,2,1,,,,
Absinthe de Hill's,3,38,83,83,40,881.0,0.25,100,,,,,,
Sake de Asahi,3,39,100,100,43,776.5,0.5,71,,,,,,
Cider de Garage,4,43,115,115,4,334.5,1.5,2,2,1,,,,
Sparkling wine de Ruinart,2,22,40,40,16,1238.25,0.75,89,,,1,карменер,2013,1
Portwine de Marani,1,15,3,3,13,295.35,0.33,98,,,25,мускат,1994,1
Liht beer de Bavaria,4,41,127,127,5,318.0,1.5,61,2,2,,,,
Liht beer de Polonaise,4,41,121,121,6,52.2,0.45,38,1,1,,,,
Asti de Gosset,2,24,42,42,17,1050.0,1.5,51,,,22,шардоне,2012,2
Cognac de Lucid,3,33,104,104,43,2201.5,0.7,82,,,,,,
Champagne de Ruinart,2,21,40,40,12,395.01,0.33,42,,,20,бьянка,2005,4
Portwine de Martini,1,15,14,14,17,306.0,1.5,76,,,19,совиньон блан,1990,3
Asti de Delamotte,2,24,48,48,17,375.0,0.75,82,,,5,алиготе,1984,2
Sparkling wine de Bollinger,2,22,33,33,15,3594.0,1.5,10,,,2,карменер,2016,1
Dark beer de Stella Artois,4,42,108,108,8,74.25,0.45,61,2,1,,,,
Red wine de Santeli,1,11,26,26,13,2445.0,1.5,18,,,9,пино нуар,1990,1
Tequila de Sauza,3,36,93,93,40,341.5,0.5,61,,,,,,
Cider de Corona Extra,4,43,112,112,5,99.9,0.45,39,2,1,,,,
Portwine de Gancia,1,15,18,18,15,462.0,0.33,27,,,16,каберне,1986,4
Cognac de Коктебель,3,33,86,86,41,3316,1,27,,,,,,
Dark beer de Stella Artois,4,42,108,108,5,264.0,1.5,51,2,2,,,,
Beer drink de Grimbergen,4,44,109,109,6,360.0,1.5,77,2,1,,,,
Dark beer de Lowenbrau,4,42,110,110,6,38.28,0.33,55,2,2,,,,
Rose wine de Абрау-Дюрсо,1,13,32,32,18,750.75,0.75,14,,,7,совиньон блан,2008,2
Dark beer de Jupiler,4,42,123,123,6,130.05,0.45,22,1,2,,,,
Beer drink de Miller,4,44,119,119,5,376.5,1.5,18,1,1,,,,
Beer drink de Franziskaner,4,44,107,107,6,108.45,0.45,37,1,1,,,,
Cider de Jupiler,4,43,123,123,6,107.0,0.5,60,1,2,,,,
White wine de Santeli,1,12,26,26,16,1288.5,0.75,39,,,12,мерло,2004,4
Rum de Havana Club,3,31,78,78,40,286.0,0.25,90,,,,,,
White wine de Santeli,1,12,26,26,17,1939.5,1.5,39,,,7,бастардо,2008,2
Liht beer de Bavaria,4,41,127,127,8,79.0,0.5,65,1,2,,,,
Red wine de Kindzmarauli,1,11,6,6,17,1615.5,0.75,2,,,9,алиготе,1984,3
Sparkling wine de Veuve Clicquot,2,22,43,43,18,289.08,0.33,41,,,4,бьянка,2004,4
Red wine de Piccini,1,11,28,28,16,619.5,0.75,78,,,14,бьянка,2010,4
Beer drink de Budweiser,4,44,131,131,5,106.5,0.5,14,1,2,,,,
Champagne de Veuve Clicquot,2,21,43,43,13,114.84,0.33,32,,,18,карменер,2007,4
Cider de Miller,4,43,119,119,4,143.0,0.5,29,1,2,,,,
Lambrusko de Ruinart,2,25,40,40,16,109.89,0.33,80,,,6,бастардо,1996,1
Liht beer de Miller,4,41,119,119,4,112.5,0.45,63,2,2,,,,
Sparkling wine de Золотая Балка,2,22,49,49,15,268.5,0.75,6,,,25,каберне,2019,2
Vodka de Stolichnaya,3,35,105,105,45,1217.5,0.5,56,,,,,,
Portwine de Sogrape,1,15,10,10,17,3625.5,1.5,57,,,11,мускат,2019,4
Vodka de Русский стандарт,3,35,95,95,45,220.5,0.5,61,,,,,,
Vermouth de Martini,1,14,14,14,13,1310.25,0.75,15,,,27,алиготе,2020,2
Vermouth de Массандра,1,14,20,20,18,358.38,0.33,74,,,20,алиготе,1980,3
Whiskey de Jim Beam,3,32,94,94,41,980.0,0.5,69,,,,,,
Dark beer de Miller,4,42,119,119,4,119.25,0.45,99,2,2,,,,
Champagne de Gosset,2,21,42,42,18,310.53,0.33,4,,,25,алиготе,2000,3
Vodka de Becherovka,3,35,74,74,44,2998,1,24,,,,,,
Rum de Bacardi,3,31,81,81,44,515.9,0.7,79,,,,,,
Red wine de Абрау-Дюрсо,1,11,32,32,16,1263.0,1.5,79,,,20,алиготе,1989,4
Liht beer de Carlsberg,4,41,120,120,7,113.4,0.45,43,1,1,,,,
Vodka de Stolichnaya,3,35,105,105,43,947,1,50,,,,,,
Absinthe de Hill's,3,38,83,83,45,821.25,0.25,22,,,,,,
Beer drink de Stella Artois,4,44,108,108,8,229.5,1.5,29,2,2,,,,
Sparkling wine de Dom Perignon,2,22,35,35,17,471.0,0.75,34,,,16,совиньон блан,2012,2
Vermouth de Ruffino,1,14,25,25,13,1344.0,0.75,88,,,12,совиньон блан,2017,2
Cider de Jupiler,4,43,123,123,8,72.0,0.45,58,1,2,,,,
Gin de London Hill,3,37,89,89,44,1565.0,0.5,6,,,,,,
Dark beer de Bavaria,4,42,127,127,4,49.17,0.33,72,2,2,,,,
Average de Canti,2,23,39,39,18,786.75,0.75,19,,,5,мерло,2015,1
Gin de Brocker's,3,37,84,84,42,377.3,0.7,75,,,,,,
Sake de Asahi,3,39,100,100,41,1487.5,0.7,76,,,,,,
Average de Лев Голицын,2,23,34,34,12,425.37,0.33,87,,,18,бастардо,1994,2
Beer drink de Peroni,4,44,125,125,4,127.35,0.45,48,1,1,,,,
Vodka de Smirnoff,3,35,68,68,45,591.25,0.25,46,,,,,,
Liquor de Amaretto,3,34,101,101,43,2748.9,0.7,49,,,,,,
Asti de Delamotte,2,24,48,48,18,879.0,0.75,40,,,25,бьянка,1980,3
Vermouth de Patriarche,1,14,30,30,17,3229.5,1.5,18,,,17,бастардо,2014,2
Beer drink de Franziskaner,4,44,107,107,6,79.65,0.45,57,1,2,,,,
Dark beer de ESSA,4,42,126,126,4,297.0,1.5,65,2,1,,,,
Asti de Krug,2,24,54,54,13,2437.5,1.5,63,,,10,шардоне,1983,3
Sparkling wine de Moet & Chandon,2,22,46,46,13,1102.5,0.75,83,,,13,шардоне,2018,3
Cognac de Courvoisier,3,33,75,75,45,1819.5,0.5,3,,,,,,
Tequila de Olmeca,3,36,77,77,40,593,1,26,,,,,,
Red wine de Sella & Mosca,1,11,19,19,16,3750.0,1.5,8,,,17,каберне,1983,1
Rose wine de Массандра,1,13,20,20,18,3583.5,1.5,59,,,5,каберне,2020,4
Lambrusko de Krug,2,25,54,54,15,3417.0,1.5,27,,,15,каберне,1987,1
Whiskey de White Horse,3,32,103,103,40,1098.5,0.5,68,,,,,,
Dark beer de Beck's,4,42,117,117,6,205.5,1.5,28,1,1,,,,
Portwine de Chateau Verou,1,15,23,23,12,331.98,0.33,69,,,17,мускат,1982,2
Beer drink de Сибирская Корона,4,44,128,128,7,71.28,0.33,30,1,2,,,,
Beer drink de Крым,4,44,122,122,5,75.15,0.45,25,2,2,,,,
Vodka de Smirnoff,3,35,68,68,44,2753,1,45,,,,,,
Dark beer de Jupiler,4,42,123,123,5,110.5,0.5,48,2,1,,,,
Beer drink de Peroni,4,44,125,125,6,117.0,0.5,5,2,1,,,,
Dark beer de Bitburger,4,42,130,130,6,280.5,1.5,7,1,2,,,,
Beer drink de Corona Extra,4,44,112,112,7,132.0,0.5,74,2,1,,,,
Liquor de Amaretto,3,34,101,101,45,1934.8,0.7,94,,,,,,
Cider de Grimbergen,4,43,109,109,8,108.5,0.5,62,1,1,,,,
Vodka de Русский стандарт,3,35,95,95,45,2378,1,32,,,,,,
Lambrusko de Балаклава,2,25,47,47,14,522.72,0.33,82,,,7,шардоне,1995,2
Vermouth de Wine Man,1,14,11,11,12,2164.5,1.5,67,,,16,шардоне,1987,2
Liht beer de Bavaria,4,41,127,127,8,153.0,1.5,23,2,2,,,,
Champagne de Henriot,2,21,51,51,17,249.75,0.75,52,,,1,алиготе,2002,3
Vodka de Becherovka,3,35,74,74,41,1058.5,0.5,65,,,,,,
Liht beer de Hoegaarden,4,41,116,116,6,49.5,0.33,84,2,1,,,,
Rose wine de Chateau Verou,1,13,23,23,14,158.07,0.33,86,,,14,мускат,2018,4
Liht beer de Amstel,4,41,118,118,8,57.15,0.45,96,2,2,,,,
White wine de Массандра,1,12,20,20,15,243.75,0.75,36,,,26,алиготе,1980,1
Cider de Lowenbrau,4,43,110,110,8,127.8,0.45,13,2,2,,,,
Liht beer de Beck's,4,41,117,117,8,97.65,0.45,6,1,1,,,,
Cognac de Braastad,3,33,65,65,44,3045,1,88,,,,,,
Dark beer de Jupiler,4,42,123,123,8,69.75,0.45,21,1,1,,,,
Absinthe de Xenta,3,38,91,91,44,3249,1,78,,,,,,
Asti de Gosset,2,24,42,42,15,981.0,0.75,98,,,5,изабелла,1982,4
Champagne de Taittinger,2,21,44,44,16,255.0,0.75,96,,,21,бастардо,2012,3